Batch	Amplicon	Unmodified%	Modified%	Reads_in_input	Reads_aligned_all_amplicons	Reads_aligned	Unmodified	Modified	Discarded	Insertions	Deletions	Substitutions	Only Insertions	Only Deletions	Only Substitutions	Insertions and Deletions	Insertions and Substitutions	Deletions and Substitutions	Insertions Deletions and Substitutions
563NM_End_Cas9_HEK_1_1	Reference	74.40529961	25.59470039	3528	3321	3321	2471	850	0	518	278	93	502	255	54	0	16	23	0
563NM_End_Cas9_HEK_1_2	Reference	77.90441912	22.09558088	5102	5001	5001	3896	1105	0	645	375	133	620	352	85	0	25	23	0
563NM_End_Cas9_HEK_2_1	Reference	75.93368555	24.06631445	5634	5489	5489	4168	1321	0	843	406	120	816	384	73	1	26	21	0
563NM_End_Cas9_HEK_2_2	Reference	79.00685566	20.99314434	5493	5397	5397	4264	1133	0	700	344	127	681	325	89	0	19	19	0
563NM_End_Cas9_K562_1_1	Reference	81.61488819	18.38511181	6787	6663	6663	5438	1225	0	597	526	136	581	508	102	0	16	18	0
563NM_End_Cas9_K562_1_2	Reference	78.92228739	21.07771261	5785	5456	5456	4306	1150	0	502	560	162	481	507	91	0	18	50	3
563NM_End_Cas9_K562_2_2	Reference	78.59804378	21.40195622	4468	4294	4294	3375	919	0	434	420	111	422	386	65	0	12	34	0
563NM_Rep_Cas9_HEK_1_1	Reference	60.0194974	39.9805026	9581	9232	9232	5541	3691	0	2758	816	163	2730	797	118	1	27	18	0
563NM_Rep_Cas9_HEK_1_2	Reference	70.23579436	29.76420564	5350	5174	5174	3634	1540	0	1124	372	80	1101	359	44	0	23	13	0
563NM_Rep_Cas9_HEK_2_1	Reference	77.05021581	22.94978419	9762	9499	9499	7319	2180	0	1600	491	126	1585	469	89	0	15	22	0
563NM_Rep_Cas9_HEK_2_2	Reference	70.42315282	29.57684718	4712	4561	4561	3212	1349	0	981	324	74	964	310	45	1	16	13	0
563NM_Rep_Cas9_K562_1_1	Reference	86.95720579	13.04279421	6560	6356	6356	5527	829	0	447	322	82	439	308	60	0	8	14	0
563NM_Rep_Cas9_K562_1_2	Reference	84.13497859	15.86502141	4173	3971	3971	3341	630	0	359	230	61	355	214	41	0	4	16	0
563NM_Rep_Cas9_K562_2_1	Reference	88.47029077	11.52970923	4161	3955	3955	3499	456	0	192	229	45	191	220	35	0	1	9	0
563NM_Rep_Cas9_K562_2_2	Reference	83.16970547	16.83029453	5120	4991	4991	4151	840	0	497	300	58	490	292	43	0	7	8	0
564NM_End_Cas9_HEK_1_1	Reference	61.25097733	38.74902267	6622	6395	6395	3917	2478	0	879	1538	118	860	1500	61	0	19	38	0
564NM_End_Cas9_HEK_1_2	Reference	50.43014265	49.56985735	9359	9183	9183	4631	4552	0	1767	2713	202	1705	2645	74	0	60	66	2
564NM_End_Cas9_HEK_2_1	Reference	66.25330688	33.74669312	6240	6048	6048	4007	2041	0	819	1161	111	803	1127	61	0	16	34	0
564NM_End_Cas9_HEK_2_2	Reference	49.04333606	50.95666394	6227	6115	6115	2999	3116	0	1143	1895	186	1095	1835	78	0	48	60	0
564NM_End_Cas9_K562_1_1	Reference	18.74238115	81.25761885	10648	9844	9844	1845	7999	0	534	1683	6476	124	1399	5782	0	410	284	0
564NM_End_Cas9_K562_1_2	Reference	21.91261336	78.08738664	12620	12130	12130	2658	9472	0	883	1677	7915	229	1328	6912	0	654	349	0
564NM_End_Cas9_K562_2_2	Reference	19.83009337	80.16990663	13387	13066	13066	2591	10475	0	1134	2045	8473	358	1644	7296	0	776	401	0
564NM_Rep_Cas9_HEK_1_1	Reference	61.93637125	38.06362875	17189	16722	16722	10357	6365	0	3080	3056	720	2765	2879	230	1	314	176	0
564NM_Rep_Cas9_HEK_1_2	Reference	46.86576961	53.13423039	9383	9141	9141	4284	4857	0	2283	2445	588	2015	2254	131	0	266	189	2
564NM_Rep_Cas9_HEK_2_1	Reference	63.82086238	36.17913762	16706	16211	16211	10346	5865	0	2958	2680	710	2677	2477	228	1	280	202	0
564NM_Rep_Cas9_HEK_2_2	Reference	45.66863783	54.33136217	9846	9639	9639	4402	5237	0	2616	2480	550	2387	2299	142	1	228	180	0
564NM_Rep_Cas9_K562_1_1	Reference	79.44144771	20.55855229	11874	11494	11494	9131	2363	0	804	1392	490	647	1226	167	0	157	166	0
564NM_Rep_Cas9_K562_1_2	Reference	76.94005576	23.05994424	8868	8608	8608	6623	1985	0	754	1115	362	632	991	117	0	121	123	1
564NM_Rep_Cas9_K562_2_2	Reference	72.7329303	27.2670697	11459	11248	11248	8181	3067	0	1228	1665	520	1041	1506	175	0	186	158	1
565NM_End_Cas9_HEK_1_1	Reference	63.76811594	36.23188406	9228	9108	9108	5808	3300	0	2359	843	179	2312	809	98	0	47	34	0
565NM_End_Cas9_HEK_1_2	Reference	58.79396985	41.20603015	12093	11940	11940	7020	4920	0	3492	1296	236	3415	1268	134	1	75	26	1
565NM_End_Cas9_HEK_2_1	Reference	68.83411059	31.16588941	7577	7505	7505	5166	2339	0	1711	550	111	1684	544	78	0	27	6	0
565NM_End_Cas9_HEK_2_2	Reference	62.3433346	37.6566654	10645	10532	10532	6566	3966	0	2734	1122	185	2684	1097	111	0	49	24	1
565NM_End_Cas9_K562_1_1	Reference	88.62201312	11.37798688	8201	8077	8077	7158	919	0	417	428	93	408	418	74	0	9	10	0
565NM_End_Cas9_K562_1_2	Reference	88.47416813	11.52583187	18442	18272	18272	16166	2106	0	1090	782	262	1080	764	234	0	10	18	0
565NM_End_Cas9_K562_2_2	Reference	90.76202932	9.23797068	14693	14527	14527	13185	1342	0	693	459	224	675	443	190	0	18	16	0
565NM_Rep_Cas9_HEK_1_1	Reference	74.07868288	25.92131712	12620	10447	10447	7739	2708	0	1727	845	189	1705	814	136	0	22	31	0
565NM_Rep_Cas9_HEK_1_2	Reference	72.07805688	27.92194312	6402	4817	4817	3472	1345	0	905	379	85	893	367	61	0	12	12	0
565NM_Rep_Cas9_HEK_2_1	Reference	87.24199704	12.75800296	14376	12839	12839	11201	1638	0	1069	367	238	1060	340	202	0	9	27	0
565NM_Rep_Cas9_HEK_2_2	Reference	74.46442234	25.53557766	7253	5228	5228	3893	1335	0	859	416	91	842	402	60	0	17	14	0
565NM_Rep_Cas9_K562_1_2	Reference	90.93774626	9.06225374	5410	3807	3807	3462	345	0	167	120	66	164	115	58	0	3	5	0
565NM_Rep_Cas9_K562_2_1	Reference	93.00729301	6.99270699	2678	2331	2331	2168	163	0	52	80	35	51	77	31	0	1	3	0
565NM_Rep_Cas9_K562_2_2	Reference	92.3990078	7.6009922	6962	5644	5644	5215	429	0	193	143	103	188	138	93	0	5	5	0
566NM_End_Cas9_HEK_1_1	Reference	73.28544553	26.71455447	6018	5847	5847	4285	1562	0	843	646	122	825	615	73	0	18	31	0
566NM_End_Cas9_HEK_1_2	Reference	59.42874693	40.57125307	6693	6512	6512	3870	2642	0	1159	1393	204	1112	1326	90	0	47	67	0
566NM_End_Cas9_HEK_2_1	Reference	78.76366009	21.23633991	6307	6131	6131	4829	1302	0	736	477	133	714	455	89	0	22	22	0
566NM_End_Cas9_HEK_2_2	Reference	59.82608696	40.17391304	8274	8050	8050	4816	3234	0	1593	1526	243	1528	1462	117	1	63	62	1
566NM_End_Cas9_K562_1_2	Reference	90.67862112	9.32137888	13127	12938	12938	11732	1206	0	319	670	283	290	633	217	0	29	37	0
566NM_End_Cas9_K562_2_1	Reference	92.92858259	7.07141741	13471	12798	12798	11893	905	0	181	574	191	172	542	150	0	9	32	0
566NM_End_Cas9_K562_2_2	Reference	83.56582389	16.43417611	11848	11470	11470	9585	1885	0	507	1214	268	480	1137	164	0	27	77	0
566NM_Rep_Cas9_HEK_1_1	Reference	84.13719185	15.86280815	8605	6531	6531	5495	1036	0	363	545	184	341	511	128	0	22	34	0
566NM_Rep_Cas9_HEK_1_2	Reference	75.54135605	24.45864395	6887	5634	5634	4256	1378	0	609	663	211	555	612	106	0	54	51	0
566NM_Rep_Cas9_HEK_2_1	Reference	89.3369863	10.6630137	10148	9125	9125	8152	973	0	464	376	195	440	338	134	0	23	37	1
566NM_Rep_Cas9_HEK_2_2	Reference	78.70190439	21.29809561	6026	5146	5146	4050	1096	0	489	524	157	457	482	83	0	32	42	0
566NM_Rep_Cas9_K562_1_2	Reference	93.89044944	6.10955056	5908	5696	5696	5348	348	0	75	167	137	65	146	106	0	10	21	0
566NM_Rep_Cas9_K562_2_1	Reference	94.49392713	5.50607287	4089	3705	3705	3501	204	0	24	123	80	22	102	57	0	2	21	0
566NM_Rep_Cas9_K562_2_2	Reference	90.60878589	9.39121411	6013	5782	5782	5239	543	0	118	323	171	98	274	102	0	20	49	0
567NM_End_Cas9_HEK_1_1	Reference	0.16519824	99.83480176	7500	7264	7264	12	7252	0	243	1036	6906	1	345	5973	0	242	691	0
567NM_End_Cas9_HEK_1_2	Reference	0.22274195	99.77725805	9261	8979	8979	20	8959	0	503	2119	8254	0	705	6337	0	503	1414	0
567NM_End_Cas9_HEK_2_1	Reference	0.05822981	99.94177019	5273	5152	5152	3	5149	0	127	645	4945	0	204	4377	0	127	441	0
567NM_End_Cas9_HEK_2_2	Reference	0.14079549	99.85920451	8807	8523	8523	12	8511	0	530	1987	7804	0	707	5994	0	530	1280	0
567NM_End_Cas9_K562_1_1	Reference	0.22924513	99.77075487	6311	6107	6107	14	6093	0	45	888	5725	0	368	5160	0	45	520	0
567NM_End_Cas9_K562_1_2	Reference	0.18756699	99.81243301	7661	7464	7464	14	7450	0	80	1069	7016	0	434	6301	0	80	635	0
567NM_End_Cas9_K562_2_1	Reference	0.09039548	99.90960452	9227	8850	8850	8	8842	0	53	819	8499	0	343	7970	0	53	476	0
567NM_End_Cas9_K562_2_2	Reference	0.12492793	99.87507207	10716	10406	10406	13	10393	0	138	1928	9641	0	752	8327	0	138	1176	0
567NM_Rep_Cas9_HEK_1_1	Reference	66.4822547	33.5177453	9713	9580	9580	6369	3211	0	622	2515	275	535	2401	74	0	87	114	0
567NM_Rep_Cas9_HEK_1_2	Reference	51.70868347	48.29131653	5452	5355	5355	2769	2586	0	487	2035	237	404	1945	64	0	83	90	0
567NM_Rep_Cas9_HEK_2_1	Reference	76.38572513	23.61427487	9304	9219	9219	7042	2177	0	349	1722	221	296	1660	106	0	53	62	0
567NM_Rep_Cas9_HEK_2_2	Reference	45.68527919	54.31472081	5190	5122	5122	2340	2782	0	552	2169	259	440	2083	61	0	112	86	0
567NM_Rep_Cas9_K562_1_1	Reference	74.35897436	25.64102564	2941	2886	2886	2146	740	0	105	610	124	53	563	26	0	51	46	1
567NM_Rep_Cas9_K562_1_2	Reference	74.54899186	25.45100814	5741	5654	5654	4215	1439	0	140	1230	183	85	1171	69	0	55	59	0
567NM_Rep_Cas9_K562_2_1	Reference	82.80349904	17.19650096	9494	9374	9374	7762	1612	0	177	1331	246	111	1255	106	0	64	74	2
567NM_Rep_Cas9_K562_2_2	Reference	69.14400494	30.85599506	6563	6472	6472	4475	1997	0	230	1694	232	163	1602	74	0	66	91	1
568NM_End_Cas9_HEK_1_1	Reference	70.27094208	29.72905792	8219	8046	8046	5654	2392	0	386	1660	454	345	1591	348	2	39	67	0
568NM_End_Cas9_HEK_1_2	Reference	58.20440183	41.79559817	9347	9178	9178	5342	3836	0	489	2840	646	433	2751	513	6	50	83	0
568NM_End_Cas9_HEK_2_1	Reference	69.7716077	30.2283923	2257	2233	2233	1558	675	0	100	381	222	89	364	194	0	11	17	0
568NM_End_Cas9_HEK_2_2	Reference	66.51224355	33.48775645	6127	6044	6044	4020	2024	0	252	1382	475	227	1320	392	2	23	60	0
568NM_End_Cas9_K562_1_1	Reference	78.30588235	21.69411765	2158	2125	2125	1664	461	0	26	321	128	26	307	114	0	0	14	0
568NM_End_Cas9_K562_1_2	Reference	74.44779116	25.55220884	8049	7968	7968	5932	2036	0	126	1412	568	110	1358	498	0	16	54	0
568NM_End_Cas9_K562_2_1	Reference	77.07448861	22.92551139	7829	7773	7773	5991	1782	0	67	1330	431	61	1290	385	0	6	40	0
568NM_End_Cas9_K562_2_2	Reference	71.18339327	28.81660673	12380	12236	12236	8710	3526	0	240	2471	957	215	2353	816	1	24	117	0
568NM_Rep_Cas9_HEK_1_1	Reference	74.63501931	25.36498069	10751	10617	10617	7924	2693	0	393	2210	166	379	2148	90	0	14	62	0
568NM_Rep_Cas9_HEK_1_2	Reference	63.45843422	36.54156578	5396	4956	4956	3145	1811	0	204	1549	116	185	1510	58	0	19	39	0
568NM_Rep_Cas9_HEK_2_1	Reference	79.04013015	20.95986985	3725	3688	3688	2915	773	0	122	596	66	116	591	55	0	6	5	0
568NM_Rep_Cas9_HEK_2_2	Reference	70.71258575	29.28741425	7270	7143	7143	5051	2092	0	294	1695	205	264	1621	105	2	28	72	0
568NM_Rep_Cas9_K562_1_1	Reference	82.06682436	17.93317564	6890	6764	6764	5551	1213	0	52	1073	144	44	1025	88	0	8	48	0
568NM_Rep_Cas9_K562_1_2	Reference	77.90808241	22.09191759	6447	6310	6310	4916	1394	0	85	1234	118	79	1197	75	0	6	37	0
568NM_Rep_Cas9_K562_2_1	Reference	84.10070702	15.89929298	5884	5799	5799	4877	922	0	37	813	103	32	784	75	3	2	26	0
568NM_Rep_Cas9_K562_2_2	Reference	77.83155857	22.16844143	6320	6198	6198	4824	1374	0	82	1215	116	72	1186	77	0	10	29	0
569NM_End_Cas9_HEK_1_1	Reference	67.72667045	32.27332955	5306	5283	5283	3578	1705	0	1126	526	125	1096	484	53	0	30	42	0
569NM_End_Cas9_HEK_1_2	Reference	66.04332242	33.95667758	12931	12834	12834	8476	4358	0	3071	1135	277	3018	1063	152	0	53	72	0
569NM_End_Cas9_HEK_2_1	Reference	74.18981481	25.81018519	5214	5184	5184	3846	1338	0	987	287	82	977	278	65	1	9	8	0
569NM_End_Cas9_HEK_2_2	Reference	65.28064484	34.71935516	10234	10173	10173	6641	3532	0	2408	1015	216	2357	959	109	0	51	56	0
569NM_End_Cas9_K562_1_2	Reference	76.55021834	23.44978166	9276	9160	9160	7012	2148	0	1087	938	212	1071	865	123	0	16	73	0
569NM_End_Cas9_K562_2_1	Reference	78.5374868	21.4625132	11488	11364	11364	8925	2439	0	1164	1131	259	1141	1039	144	0	23	92	0
569NM_End_Cas9_K562_2_2	Reference	84.19949404	15.80050596	13952	13835	13835	11649	2186	0	1147	869	243	1131	812	170	0	16	57	0
569NM_Rep_Cas9_HEK_1_1	Reference	67.87533102	32.12466898	5011	4909	4909	3332	1577	0	1191	309	125	1156	296	77	0	35	13	0
569NM_Rep_Cas9_HEK_1_2	Reference	64.29056348	35.70943652	7542	7365	7365	4735	2630	0	1878	637	222	1791	617	115	0	87	20	0
569NM_Rep_Cas9_HEK_2_1	Reference	70.73492739	29.26507261	6894	6817	6817	4822	1995	0	1543	355	180	1471	344	97	0	72	11	0
569NM_Rep_Cas9_HEK_2_2	Reference	61.1561234	38.8438766	6639	6418	6418	3925	2493	0	1763	621	194	1705	594	109	0	58	27	0
569NM_Rep_Cas9_K562_1_2	Reference	80.80220453	19.19779547	6647	6532	6532	5278	1254	0	604	495	229	551	474	155	0	53	21	0
569NM_Rep_Cas9_K562_2_1	Reference	83.48731486	16.51268514	6914	6819	6819	5693	1126	0	584	405	200	541	385	137	0	43	20	0
569NM_Rep_Cas9_K562_2_2	Reference	86.84003152	13.15996848	8991	8883	8883	7714	1169	0	584	388	270	536	363	197	0	48	25	0
570NM_End_Cas9_HEK_1_1	Reference	61.08630952	38.91369048	14525	13440	13440	8210	5230	0	2978	2127	254	2918	2058	125	0	60	69	0
570NM_End_Cas9_HEK_1_2	Reference	97.4708902	2.5291098	17372	15974	15974	15570	404	0	117	53	237	115	52	234	0	2	1	0
570NM_End_Cas9_HEK_2_1	Reference	71.22019843	28.77980157	14310	13506	13506	9619	3887	0	2256	1451	256	2207	1424	181	0	48	26	1
570NM_End_Cas9_HEK_2_2	Reference	57.87874296	42.12125704	14686	13492	13492	7809	5683	0	3101	2464	249	3032	2401	121	1	66	60	2
570NM_End_Cas9_K562_1_1	Reference	76.36854279	23.63145721	6080	5188	5188	3962	1226	0	381	797	61	378	786	49	1	2	10	0
570NM_End_Cas9_K562_1_2	Reference	72.3737716	27.6262284	12831	11804	11804	8543	3261	0	1394	1734	209	1356	1696	133	0	38	38	0
570NM_End_Cas9_K562_2_1	Reference	83.99254504	16.00745496	11268	9658	9658	8112	1546	0	581	809	178	574	794	156	0	7	15	0
570NM_End_Cas9_K562_2_2	Reference	77.72209119	22.27790881	10712	10176	10176	7909	2267	0	951	1161	222	922	1123	155	0	29	38	0
570NM_Rep_Cas9_HEK_1_1	Reference	68.18299302	31.81700698	8492	3869	3869	2638	1231	0	668	514	87	636	508	49	0	32	6	0
570NM_Rep_Cas9_HEK_1_2	Reference	97.81392095	2.18607905	8056	5718	5718	5593	125	0	35	18	74	35	16	72	0	0	2	0
570NM_Rep_Cas9_HEK_2_1	Reference	76.15248227	23.84751773	7402	3384	3384	2577	807	0	466	287	87	440	280	54	0	26	7	0
570NM_Rep_Cas9_HEK_2_2	Reference	60.4708798	39.5291202	4382	2421	2421	1464	957	0	518	417	59	489	408	23	1	28	8	0
570NM_Rep_Cas9_K562_1_1	Reference	73.49570201	26.50429799	2720	698	698	513	185	0	53	107	55	35	95	25	0	18	12	0
570NM_Rep_Cas9_K562_1_2	Reference	75.17636684	24.82363316	4346	2268	2268	1705	563	0	208	322	70	185	308	33	0	23	14	0
570NM_Rep_Cas9_K562_2_1	Reference	81.25	18.75	3387	80	80	65	15	0	4	11	2	2	11	0	0	2	0	0
570NM_Rep_Cas9_K562_2_2	Reference	79.60381511	20.39618489	4321	2726	2726	2170	556	0	223	285	92	189	275	49	0	33	9	1
571NM_End_Cas9_HEK_1_1	Reference	67.05913835	32.94086165	7687	7474	7474	5012	2462	0	1036	1329	149	1016	1297	97	0	20	32	0
571NM_End_Cas9_HEK_1_2	Reference	59.57590037	40.42409963	6295	5942	5942	3540	2402	0	1045	1279	160	1019	1223	78	0	26	56	0
571NM_End_Cas9_HEK_2_1	Reference	78.9178744	21.0821256	5296	5175	5175	4084	1091	0	477	511	139	464	488	103	0	13	23	0
571NM_End_Cas9_HEK_2_2	Reference	66.00928074	33.99071926	7176	6896	6896	4552	2344	0	1067	1170	210	1023	1111	107	0	44	59	0
571NM_End_Cas9_K562_1_2	Reference	70.96713966	29.03286034	5562	5356	5356	3801	1555	0	469	1011	146	449	960	75	0	20	51	0
571NM_End_Cas9_K562_2_1	Reference	87.41666667	12.58333333	4895	4800	4800	4196	604	0	145	398	81	139	382	63	2	4	14	0
571NM_End_Cas9_K562_2_2	Reference	71.93726937	28.06273063	5564	5420	5420	3899	1521	0	466	972	142	441	937	84	1	24	34	0
571NM_Rep_Cas9_HEK_1_1	Reference	75.89463221	24.10536779	6115	6036	6036	4581	1455	0	570	808	152	535	768	77	0	35	40	0
571NM_Rep_Cas9_HEK_1_2	Reference	48.29076621	51.70923379	7778	7635	7635	3687	3948	0	1614	2211	337	1531	2080	123	0	83	131	0
571NM_Rep_Cas9_HEK_2_1	Reference	73.20237662	26.79762338	8344	8247	8247	6037	2210	0	929	1195	175	906	1129	86	0	23	66	0
571NM_Rep_Cas9_HEK_2_2	Reference	55.90299936	44.09700064	9557	9402	9402	5256	4146	0	1740	2265	330	1664	2152	142	0	75	112	1
571NM_Rep_Cas9_K562_1_2	Reference	75.75625364	24.24374636	7003	6876	6876	5209	1667	0	467	1093	228	430	1009	108	0	36	83	1
571NM_Rep_Cas9_K562_2_1	Reference	83.35358445	16.64641555	2528	2469	2469	2058	411	0	87	271	130	71	210	54	0	15	60	1
571NM_Rep_Cas9_K562_2_2	Reference	77.16490097	22.83509903	8823	8684	8684	6701	1983	0	510	1333	285	467	1230	141	1	42	102	0
572NM_End_Cas9_HEK_1_1	Reference	75.54832616	24.45167384	9615	9529	9529	7199	2330	0	1789	384	214	1749	367	157	0	40	17	0
572NM_End_Cas9_HEK_1_2	Reference	71.98585605	28.01414395	8846	8767	8767	6311	2456	0	1857	482	198	1816	441	118	1	40	40	0
572NM_End_Cas9_HEK_2_1	Reference	82.34309623	17.65690377	9625	9560	9560	7872	1688	0	1299	270	186	1259	243	119	0	40	27	0
572NM_End_Cas9_HEK_2_2	Reference	74.79996559	25.20003441	11722	11623	11623	8694	2929	0	2238	536	227	2189	513	155	0	49	23	0
572NM_End_Cas9_K562_1_2	Reference	76.95760009	23.04239991	8564	8467	8467	6516	1951	0	1159	663	231	1131	589	131	0	26	72	2
572NM_End_Cas9_K562_2_1	Reference	90.30991446	9.69008554	7328	7131	7131	6440	691	0	329	254	170	321	200	111	0	5	51	3
572NM_End_Cas9_K562_2_2	Reference	80.41412566	19.58587434	7140	7051	7051	5670	1381	0	793	485	178	774	429	103	0	19	56	0
572NM_Rep_Cas9_HEK_1_1	Reference	80.06386376	19.93613624	9463	9395	9395	7522	1873	0	1496	282	119	1483	271	95	0	13	11	0
572NM_Rep_Cas9_HEK_1_2	Reference	69.81222	30.18778	10544	10491	10491	7324	3167	0	2522	560	133	2487	547	85	0	35	13	0
572NM_Rep_Cas9_HEK_2_1	Reference	81.98358548	18.01641452	10215	10113	10113	8291	1822	0	1426	301	114	1413	295	95	0	13	6	0
572NM_Rep_Cas9_HEK_2_2	Reference	74.13793103	25.86206897	12941	12876	12876	9546	3330	0	2685	529	162	2656	512	118	0	27	15	2
572NM_Rep_Cas9_K562_1_1	Reference	89.33908046	10.66091954	3615	3480	3480	3109	371	0	164	180	32	162	177	27	0	2	3	0
572NM_Rep_Cas9_K562_1_2	Reference	86.71978752	13.28021248	7587	7530	7530	6530	1000	0	599	328	90	590	320	73	0	9	8	0
572NM_Rep_Cas9_K562_2_1	Reference	95.240119	4.759881	7112	7059	7059	6723	336	0	145	125	68	143	125	66	0	2	0	0
572NM_Rep_Cas9_K562_2_2	Reference	88.18281938	11.81718062	9154	9080	9080	8007	1073	0	621	362	99	617	357	90	0	4	5	0
573NM_End_Cas9_HEK_1_1	Reference	75.31561462	24.68438538	6072	6020	6020	4534	1486	0	195	1213	165	170	1151	80	0	23	60	2
573NM_End_Cas9_HEK_1_2	Reference	73.90333387	26.09666613	6349	6269	6269	4633	1636	0	249	1301	194	192	1250	86	0	57	51	0
573NM_End_Cas9_HEK_2_1	Reference	86.68831169	13.31168831	13191	12936	12936	11214	1722	0	264	1297	217	239	1266	161	0	25	31	0
573NM_End_Cas9_HEK_2_2	Reference	79.23175234	20.76824766	14271	14084	14084	11159	2925	0	451	2303	322	389	2214	171	0	62	89	0
573NM_End_Cas9_K562_1_1	Reference	86.81434599	13.18565401	1932	1896	1896	1646	250	0	7	212	37	6	207	31	0	1	5	0
573NM_End_Cas9_K562_1_2	Reference	88.24455767	11.75544233	10868	10795	10795	9526	1269	0	70	1054	243	39	986	146	1	30	67	0
573NM_End_Cas9_K562_2_1	Reference	92.39766082	7.60233918	14434	14364	14364	13272	1092	0	51	856	227	36	829	185	0	15	27	0
573NM_End_Cas9_K562_2_2	Reference	88.49439776	11.50560224	14377	14280	14280	12637	1643	0	90	1348	330	48	1265	205	0	42	83	0
573NM_Rep_Cas9_HEK_1_1	Reference	73.30522219	26.69477781	7478	3083	3083	2260	823	0	123	670	64	111	648	31	0	11	21	1
573NM_Rep_Cas9_HEK_1_2	Reference	67.53832281	32.46167719	8854	2218	2218	1498	720	0	92	601	46	88	586	27	0	4	15	0
573NM_Rep_Cas9_HEK_2_1	Reference	87.4411303	12.5588697	7458	2548	2548	2228	320	0	39	223	60	39	221	58	0	0	2	0
573NM_Rep_Cas9_HEK_2_2	Reference	75.20153551	24.79846449	8463	2605	2605	1959	646	0	99	527	38	95	513	20	0	4	14	0
573NM_Rep_Cas9_K562_1_1	Reference	84.44444444	15.55555556	6409	45	45	38	7	0	0	7	0	0	7	0	0	0	0	0
573NM_Rep_Cas9_K562_1_2	Reference	85.21090535	14.78909465	9719	3888	3888	3313	575	0	26	502	61	25	489	47	0	1	13	0
573NM_Rep_Cas9_K562_2_1	Reference	91.27516779	8.72483221	11542	4619	4619	4216	403	0	15	325	73	12	318	63	0	3	7	0
573NM_Rep_Cas9_K562_2_2	Reference	85.99798894	14.00201106	11561	3978	3978	3421	557	0	24	497	45	24	488	36	0	0	9	0
574NM_End_Cas9_HEK_1_2	Reference	89.25518926	10.74481074	4172	4095	4095	3655	440	0	137	229	83	134	223	74	0	3	6	0
574NM_End_Cas9_HEK_2_1	Reference	92.04557014	7.95442986	9927	9831	9831	9049	782	0	462	172	153	458	171	148	0	4	1	0
574NM_End_Cas9_HEK_2_2	Reference	90.76554068	9.23445932	10140	10006	10006	9082	924	0	362	382	220	336	368	180	0	26	14	0
574NM_End_Cas9_K562_1_1	Reference	94.22403734	5.77596266	1755	1714	1714	1615	99	0	13	64	22	13	64	22	0	0	0	0
574NM_End_Cas9_K562_1_2	Reference	93.37864078	6.62135922	5230	5150	5150	4809	341	0	42	224	87	38	216	75	0	4	8	0
574NM_End_Cas9_K562_2_1	Reference	95.705471	4.294529	12263	12155	12155	11633	522	0	84	249	244	81	197	189	0	3	52	0
574NM_End_Cas9_K562_2_2	Reference	92.71161521	7.28838479	9660	9522	9522	8828	694	0	106	436	171	100	423	152	0	6	13	0
574NM_Rep_Cas9_HEK_1_2	Reference	85.45382481	14.54617519	13465	12615	12615	10780	1835	0	727	963	193	701	941	145	0	26	22	0
574NM_Rep_Cas9_HEK_2_1	Reference	91.29933737	8.70066263	7309	6942	6942	6338	604	0	345	166	105	338	161	93	0	7	5	0
574NM_Rep_Cas9_HEK_2_2	Reference	86.46616541	13.53383459	10974	10241	10241	8855	1386	0	580	699	155	550	681	107	0	30	18	0
574NM_Rep_Cas9_K562_1_1	Reference	91.94981704	8.05018296	2286	1913	1913	1759	154	0	27	109	20	26	108	18	0	1	1	0
574NM_Rep_Cas9_K562_1_2	Reference	89.95142684	10.04857316	10422	9882	9882	8889	993	0	210	679	134	199	660	104	0	11	19	0
574NM_Rep_Cas9_K562_2_1	Reference	92.00822578	7.99177422	14596	14102	14102	12975	1127	0	231	744	186	221	720	152	0	10	24	0
574NM_Rep_Cas9_K562_2_2	Reference	88.75152735	11.24847265	14526	13913	13913	12348	1565	0	343	1085	172	331	1062	137	0	12	23	0
575NM_End_Cas9_HEK_1_1	Reference	89.16256158	10.83743842	5556	5481	5481	4887	594	0	291	253	60	285	249	50	0	6	4	0
575NM_End_Cas9_HEK_1_2	Reference	98.3427762	1.6572238	7103	7060	7060	6943	117	0	14	11	92	14	11	92	0	0	0	0
575NM_End_Cas9_HEK_2_1	Reference	84.98759305	15.01240695	1634	1612	1612	1370	242	0	74	159	12	73	157	9	0	1	2	0
575NM_End_Cas9_HEK_2_2	Reference	87.52772985	12.47227015	8312	8114	8114	7102	1012	0	361	590	78	351	583	61	0	10	7	0
575NM_End_Cas9_K562_1_2	Reference	96.22309463	3.77690537	7471	7387	7387	7108	279	0	59	135	89	58	132	85	0	1	3	0
575NM_End_Cas9_K562_2_2	Reference	96.20820743	3.79179257	10391	10259	10259	9870	389	0	76	214	109	76	204	99	0	0	10	0
575NM_Rep_Cas9_HEK_1_1	Reference	82.20265589	17.79734411	8903	6928	6928	5695	1233	0	580	578	107	563	563	75	0	17	15	0
575NM_Rep_Cas9_HEK_1_2	Reference	98.31346322	1.68653678	10801	6878	6878	6762	116	0	35	12	71	33	12	69	0	2	0	0
575NM_Rep_Cas9_HEK_2_1	Reference	81.95437053	18.04562947	9054	7276	7276	5963	1313	0	753	485	95	736	482	75	0	17	3	0
575NM_Rep_Cas9_HEK_2_2	Reference	80.34367877	19.65632123	12759	5703	5703	4582	1121	0	565	502	83	548	490	56	0	15	10	2
575NM_Rep_Cas9_K562_1_1	Reference	94.42405421	5.57594579	27436	21252	21252	20067	1185	0	241	733	231	230	724	211	0	11	9	0
575NM_Rep_Cas9_K562_1_2	Reference	92.84603421	7.15396579	7636	4501	4501	4179	322	0	104	177	44	102	176	41	0	2	1	0
575NM_Rep_Cas9_K562_2_2	Reference	92.40031072	7.59968928	13101	7724	7724	7137	587	0	150	370	83	145	359	67	0	5	11	0
576NM_End_Cas9_HEK_1_1	Reference	64.52607588	35.47392412	7631	7459	7459	4813	2646	0	403	2190	155	361	2130	61	0	34	52	8
576NM_End_Cas9_HEK_1_2	Reference	57.77453332	42.22546668	10009	9589	9589	5540	4049	0	571	3390	176	541	3332	89	0	29	57	1
576NM_End_Cas9_HEK_2_1	Reference	75.56645644	24.43354356	13239	12843	12843	9705	3138	0	617	2387	199	581	2358	134	0	36	29	0
576NM_End_Cas9_HEK_2_2	Reference	58.45726031	41.54273969	17350	16542	16542	9670	6872	0	954	5794	240	916	5716	124	0	38	78	0
576NM_End_Cas9_K562_1_2	Reference	81.08261034	18.91738966	16482	15906	15906	12897	3009	0	148	2735	166	137	2706	126	0	11	29	0
576NM_End_Cas9_K562_2_1	Reference	84.09324649	15.90675351	6413	5834	5834	4906	928	0	55	811	69	55	804	62	0	0	7	0
576NM_End_Cas9_K562_2_2	Reference	84.04527761	15.95472239	20185	19524	19524	16409	3115	0	156	2759	297	150	2668	200	0	6	91	0
576NM_Rep_Cas9_HEK_1_1	Reference	60.96568561	39.03431439	9231	7373	7373	4495	2878	0	385	2192	391	346	2140	302	1	38	51	0
576NM_Rep_Cas9_HEK_1_2	Reference	52.78347871	47.21652129	11602	7796	7796	4115	3681	0	555	2833	408	502	2771	293	0	53	62	0
576NM_Rep_Cas9_HEK_2_1	Reference	77.55208333	22.44791667	9082	1920	1920	1489	431	0	180	196	67	169	195	55	0	11	1	0
576NM_Rep_Cas9_HEK_2_2	Reference	54.083306	45.916694	11585	6098	6098	3298	2800	0	456	2117	317	411	2071	229	1	43	44	1
576NM_Rep_Cas9_K562_1_2	Reference	70.5054716	29.4945284	6602	3838	3838	2706	1132	0	104	841	238	82	812	187	0	22	29	0
576NM_Rep_Cas9_K562_2_1	Reference	71.853773	28.146227	8823	8097	8097	5818	2279	0	155	1761	451	136	1692	363	0	19	69	0
576NM_Rep_Cas9_K562_2_2	Reference	76.44549231	23.55450769	14969	8907	8907	6809	2098	0	161	1669	336	137	1625	268	0	24	44	0
577NM_End_Cas9_HEK_1_1	Reference	71.41110723	28.58889277	5886	5726	5726	4089	1637	0	247	1316	103	232	1302	74	0	15	14	0
577NM_End_Cas9_HEK_1_2	Reference	55.37539174	44.62460826	7759	7339	7339	4064	3275	0	466	2747	156	435	2684	64	0	29	61	2
577NM_End_Cas9_HEK_2_1	Reference	81.70715518	18.29284482	7691	7533	7533	6155	1378	0	261	1039	114	252	1012	78	0	9	27	0
577NM_End_Cas9_HEK_2_2	Reference	57.63721638	42.36278362	8574	7889	7889	4547	3342	0	394	2889	151	372	2819	59	0	22	70	0
577NM_End_Cas9_K562_1_2	Reference	77.57783829	22.42216171	8958	8447	8447	6553	1894	0	66	1736	155	40	1699	92	0	26	37	0
577NM_End_Cas9_K562_2_1	Reference	82.97183555	17.02816445	6320	6178	6178	5126	1052	0	48	918	112	35	905	86	0	13	13	0
577NM_End_Cas9_K562_2_2	Reference	80.77294686	19.22705314	1095	1035	1035	836	199	0	10	184	15	7	177	5	0	3	7	0
577NM_Rep_Cas9_HEK_1_1	Reference	67.72972973	32.27027027	4891	1850	1850	1253	597	0	136	432	72	121	404	29	0	15	28	0
577NM_Rep_Cas9_HEK_1_2	Reference	54.13481584	45.86518416	6350	1439	1439	779	660	0	166	473	68	145	446	24	1	18	24	2
577NM_Rep_Cas9_HEK_2_1	Reference	84.11371237	15.88628763	13705	598	598	503	95	0	39	49	20	31	44	8	0	7	4	1
577NM_Rep_Cas9_HEK_2_2	Reference	56.69818755	43.30181245	12322	2538	2538	1439	1099	0	275	794	109	239	751	34	0	32	39	4
577NM_Rep_Cas9_K562_1_1	Reference	59.375	40.625	1981	32	32	19	13	0	0	11	2	0	11	2	0	0	0	0
577NM_Rep_Cas9_K562_1_2	Reference	73.0195713	26.9804287	6853	2146	2146	1567	579	0	55	480	98	32	449	47	0	20	28	3
577NM_Rep_Cas9_K562_2_1	Reference	79.06236742	20.93763258	10960	4714	4714	3727	987	0	111	787	192	70	725	92	0	38	59	3
577NM_Rep_Cas9_K562_2_2	Reference	75.51164432	24.48835568	10614	2834	2834	2140	694	0	65	578	122	31	541	55	0	30	33	4
578NM_End_Cas9_HEK_1_1	Reference	85.56557946	14.43442054	4370	4323	4323	3699	624	0	463	89	77	459	88	72	0	4	1	0
578NM_End_Cas9_HEK_1_2	Reference	87.03677807	12.96322193	7233	7151	7151	6224	927	0	704	134	109	691	127	89	0	13	7	0
578NM_End_Cas9_HEK_2_1	Reference	89.07693905	10.92306095	9781	9631	9631	8579	1052	0	783	83	197	772	83	186	0	11	0	0
578NM_End_Cas9_HEK_2_2	Reference	85.76209309	14.23790691	13304	13148	13148	11276	1872	0	1433	293	175	1417	280	146	0	16	13	0
578NM_End_Cas9_K562_1_2	Reference	94.06178251	5.93821749	9713	9582	9582	9013	569	0	244	177	160	241	168	148	0	3	9	0
578NM_End_Cas9_K562_2_1	Reference	93.81780354	6.18219646	6800	6729	6729	6313	416	0	152	160	113	146	157	104	0	6	3	0
578NM_End_Cas9_K562_2_2	Reference	94.45614035	5.54385965	7176	7125	7125	6730	395	0	167	132	103	166	126	96	0	1	6	0
578NM_Rep_Cas9_HEK_1_1	Reference	73.27508495	26.72491505	14940	14421	14421	10567	3854	0	2799	894	281	2742	829	170	2	48	56	7
578NM_Rep_Cas9_HEK_1_2	Reference	66.77196149	33.22803851	13887	13296	13296	8878	4418	0	3196	1131	192	3159	1067	91	0	37	64	0
578NM_Rep_Cas9_HEK_2_1	Reference	90.37733135	9.62266865	21292	20857	20857	18850	2007	0	1387	378	262	1376	369	242	0	11	9	0
578NM_Rep_Cas9_HEK_2_2	Reference	64.04977523	35.95022477	16003	15349	15349	9831	5518	0	3961	1392	304	3913	1301	165	0	48	91	0
578NM_Rep_Cas9_K562_1_1	Reference	83.90050359	16.09949641	6753	6553	6553	5498	1055	0	655	307	148	635	272	93	0	20	35	0
578NM_Rep_Cas9_K562_1_2	Reference	85.06989194	14.93010806	10440	10087	10087	8581	1506	0	911	501	152	903	451	94	0	8	50	0
578NM_Rep_Cas9_K562_2_1	Reference	88.39696925	11.60303075	21609	20193	20193	17850	2343	0	1206	892	401	1184	758	249	0	18	130	4
578NM_Rep_Cas9_K562_2_2	Reference	84.94095639	15.05904361	17804	17106	17106	14530	2576	0	1523	889	305	1496	775	165	0	26	113	1
579NM_End_Cas9_HEK_1_1	Reference	68.5088352	31.4911648	11166	11092	11092	7599	3493	0	2672	669	232	2635	626	152	0	37	43	0
579NM_End_Cas9_HEK_1_2	Reference	62.60699438	37.39300562	8262	8178	8178	5120	3058	0	2305	653	174	2263	621	100	0	42	32	0
579NM_End_Cas9_HEK_2_1	Reference	75.95998709	24.04001291	9331	9297	9297	7062	2235	0	1757	374	138	1727	370	104	0	30	4	0
579NM_End_Cas9_HEK_2_2	Reference	59.24050633	40.75949367	1607	1580	1580	936	644	0	483	146	29	475	140	15	0	8	6	0
579NM_End_Cas9_K562_1_1	Reference	92.37919587	7.62080413	13685	13555	13555	12522	1033	0	366	468	235	343	450	204	5	18	13	0
579NM_End_Cas9_K562_1_2	Reference	89.4059892	10.5940108	10553	10185	10185	9106	1079	0	455	513	148	444	486	112	1	10	26	0
579NM_End_Cas9_K562_2_1	Reference	90.7621655	9.2378345	11444	11323	11323	10277	1046	0	357	525	210	345	486	169	5	7	34	0
579NM_End_Cas9_K562_2_2	Reference	89.44783806	10.55216194	8526	8349	8349	7468	881	0	360	421	128	357	395	101	1	2	25	0
579NM_Rep_Cas9_HEK_1_1	Reference	70.32216075	29.67783925	9297	9219	9219	6483	2736	0	2085	521	237	2012	487	131	0	72	33	1
579NM_Rep_Cas9_HEK_1_2	Reference	60.57924377	39.42075623	8750	8701	8701	5271	3430	0	2560	726	283	2477	670	145	0	82	55	1
579NM_Rep_Cas9_HEK_2_1	Reference	82.33506944	17.66493056	11607	11520	11520	9485	2035	0	1588	312	172	1557	306	135	0	31	6	0
579NM_Rep_Cas9_HEK_2_2	Reference	55.73996044	44.26003956	11790	11629	11629	6482	5147	0	3844	1052	454	3704	989	251	0	140	63	0
579NM_Rep_Cas9_K562_1_1	Reference	85.89733193	14.10266807	12409	12331	12331	10592	1739	0	930	605	312	861	565	206	1	67	38	1
579NM_Rep_Cas9_K562_1_2	Reference	80.63369554	19.36630446	9970	9847	9847	7940	1907	0	1165	563	338	1063	506	181	0	100	55	2
579NM_Rep_Cas9_K562_2_1	Reference	85.02244271	14.97755729	17171	16932	16932	14396	2536	0	1417	807	503	1274	759	312	0	143	48	0
579NM_Rep_Cas9_K562_2_2	Reference	80.06377043	19.93622957	12702	12545	12545	10044	2501	0	1458	799	402	1357	741	246	1	99	56	1
580NM_End_Cas9_HEK_1_1	Reference	91.4897511	8.5102489	11045	10928	10928	9998	930	0	280	497	178	274	478	153	0	6	19	0
580NM_End_Cas9_HEK_1_2	Reference	89.04624277	10.95375723	10469	10380	10380	9243	1137	0	352	683	121	335	680	103	1	16	2	0
580NM_End_Cas9_HEK_2_1	Reference	94.29161824	5.70838176	7849	7743	7743	7301	442	0	111	245	94	103	245	86	0	8	0	0
580NM_End_Cas9_HEK_2_2	Reference	90.20048717	9.79951283	10748	10674	10674	9628	1046	0	263	712	81	260	705	71	0	3	7	0
580NM_End_Cas9_K562_1_2	Reference	95.71984436	4.28015564	11436	11308	11308	10824	484	0	38	373	81	37	366	73	0	1	7	0
580NM_End_Cas9_K562_2_2	Reference	95.68488141	4.31511859	9682	9571	9571	9158	413	0	42	306	69	40	304	65	0	2	2	0
580NM_Rep_Cas9_HEK_1_1	Reference	82.52302026	17.47697974	11120	10860	10860	8962	1898	0	621	1174	152	603	1143	105	0	16	29	2
580NM_Rep_Cas9_HEK_1_2	Reference	78.96614822	21.03385178	11154	10930	10930	8631	2299	0	707	1491	139	693	1467	101	0	14	24	0
580NM_Rep_Cas9_HEK_2_1	Reference	90.45110306	9.54889694	21715	21259	21259	19229	2030	0	599	1251	192	594	1244	180	0	5	7	0
580NM_Rep_Cas9_HEK_2_2	Reference	79.65084561	20.34915439	18751	18330	18330	14600	3730	0	1170	2389	230	1142	2358	171	0	28	31	0
580NM_Rep_Cas9_K562_1_1	Reference	88.69701727	11.30298273	726	637	637	565	72	0	18	47	7	18	47	7	0	0	0	0
580NM_Rep_Cas9_K562_1_2	Reference	87.65323443	12.34676557	16206	15907	15907	13943	1964	0	295	1548	154	288	1522	121	0	7	26	0
580NM_Rep_Cas9_K562_2_1	Reference	92.039801	7.960199	1410	1206	1206	1110	96	0	2	85	12	0	84	9	0	2	1	0
580NM_Rep_Cas9_K562_2_2	Reference	87.27879623	12.72120377	19218	18874	18874	16473	2401	0	360	1878	205	348	1848	163	0	12	30	0
581NM_End_Cas9_HEK_1_1	Reference	80.90236686	19.09763314	7360	6760	6760	5469	1291	0	755	343	231	731	329	193	0	24	14	0
581NM_End_Cas9_HEK_1_2	Reference	79.20074349	20.79925651	5860	5380	5380	4261	1119	0	630	380	142	608	369	109	0	22	11	0
581NM_End_Cas9_HEK_2_1	Reference	78.04825038	21.95174962	5042	4601	4601	3591	1010	0	565	310	157	550	303	135	0	15	7	0
581NM_End_Cas9_HEK_2_2	Reference	80.80116533	19.19883467	7282	6865	6865	5547	1318	0	799	420	130	785	403	99	0	14	17	0
581NM_End_Cas9_K562_1_1	Reference	88.74225694	11.25774306	8113	7426	7426	6590	836	0	238	337	293	223	320	261	0	15	17	0
581NM_End_Cas9_K562_1_2	Reference	90.66511085	9.33488915	9014	8570	8570	7770	800	0	237	330	254	230	316	233	0	7	14	0
581NM_End_Cas9_K562_2_1	Reference	90.65269944	9.34730056	4142	3723	3723	3375	348	0	92	155	107	91	150	101	0	1	5	0
581NM_End_Cas9_K562_2_2	Reference	92.67399267	7.32600733	5619	5187	5187	4807	380	0	115	166	110	112	158	99	0	3	8	0
581NM_Rep_Cas9_HEK_1_1	Reference	66.3819716	33.6180284	10367	9718	9718	6451	3267	0	1831	1254	314	1779	1174	182	0	52	80	0
581NM_Rep_Cas9_HEK_1_2	Reference	64.2804609	35.7195391	12722	12237	12237	7866	4371	0	2341	1823	403	2275	1693	209	0	64	128	2
581NM_Rep_Cas9_HEK_2_1	Reference	64.2020202	35.7979798	10606	9900	9900	6356	3544	0	2213	1162	354	2114	1076	169	0	99	86	0
581NM_Rep_Cas9_HEK_2_2	Reference	66.75944611	33.24055389	15488	14371	14371	9594	4777	0	2691	1815	449	2629	1699	273	0	60	114	2
581NM_Rep_Cas9_K562_1_1	Reference	84.41329065	15.58670935	9441	9059	9059	7647	1412	0	597	615	303	575	534	200	0	22	81	0
581NM_Rep_Cas9_K562_1_2	Reference	82.70205274	17.29794726	12249	11643	11643	9629	2014	0	824	937	362	805	847	253	0	19	90	0
581NM_Rep_Cas9_K562_2_1	Reference	80.53265694	19.46734306	1656	1577	1577	1270	307	0	113	155	61	109	137	39	0	4	18	0
581NM_Rep_Cas9_K562_2_2	Reference	83.62068966	16.37931034	1931	1856	1856	1552	304	0	135	126	62	133	109	43	0	2	17	0
582NM_End_Cas9_HEK_1_1	Reference	85.60194094	14.39805906	12117	11953	11953	10232	1721	0	504	1039	242	472	1007	178	0	32	32	0
582NM_End_Cas9_HEK_1_2	Reference	83.13310908	16.86689092	8435	8324	8324	6920	1404	0	412	859	180	393	831	133	0	19	28	0
582NM_End_Cas9_HEK_2_1	Reference	88.53695324	11.46304676	717	663	663	587	76	0	16	50	10	16	50	10	0	0	0	0
582NM_End_Cas9_HEK_2_2	Reference	84.73265329	15.26734671	9099	8921	8921	7559	1362	0	432	789	201	402	759	143	0	28	28	2
582NM_End_Cas9_K562_1_2	Reference	98.4776032	1.5223968	10421	10247	10247	10091	156	0	0	5	151	0	5	151	0	0	0	0
582NM_End_Cas9_K562_2_1	Reference	98.53312303	1.46687697	6430	6340	6340	6247	93	0	0	6	87	0	6	87	0	0	0	0
582NM_End_Cas9_K562_2_2	Reference	98.86971132	1.13028868	6602	6547	6547	6473	74	0	0	4	70	0	4	70	0	0	0	0
582NM_Rep_Cas9_HEK_1_1	Reference	80.23111332	19.76888668	8321	8048	8048	6457	1591	0	591	904	163	549	878	100	1	38	22	3
582NM_Rep_Cas9_HEK_1_2	Reference	69.58030218	30.41969782	9376	8935	8935	6217	2718	0	884	1701	210	846	1662	133	0	38	39	0
582NM_Rep_Cas9_HEK_2_2	Reference	72.72637406	27.27362594	10546	10116	10116	7357	2759	0	887	1724	249	838	1672	150	0	47	50	2
582NM_Rep_Cas9_K562_1_1	Reference	84.10852713	15.89147287	5015	4902	4902	4123	779	0	99	586	132	84	563	94	0	15	23	0
582NM_Rep_Cas9_K562_1_2	Reference	82.37088461	17.62911539	9759	9507	9507	7831	1676	0	267	1279	219	244	1212	136	1	17	61	5
582NM_Rep_Cas9_K562_2_1	Reference	87.38940411	12.61059589	9724	9381	9381	8198	1183	0	151	883	202	135	845	150	1	15	37	0
582NM_Rep_Cas9_K562_2_2	Reference	88.7254902	11.2745098	10230	9996	9996	8869	1127	0	170	837	180	147	796	124	4	19	37	0
569NM_Rep_Cas9Ctrl_HEK_1_1	Reference	98.69850489	1.30149511	9449	9297	9297	9176	121	0	0	7	114	0	7	114	0	0	0	0
582NM_Rep_Cas9Ctrl_HEK_1_1	Reference	97.69818221	2.30181779	9449	9297	9297	9083	214	0	0	5	209	0	5	209	0	0	0	0
569NM_Rep_Cas9Ctrl_HEK_1_2	Reference	97.5145828	2.4854172	8064	7886	7886	7690	196	0	0	0	196	0	0	196	0	0	0	0
582NM_Rep_Cas9Ctrl_HEK_1_2	Reference	98.5036774	1.4963226	8064	7886	7886	7768	118	0	1	3	114	1	3	114	0	0	0	0
569NM_Rep_Cas9Ctrl_K562_1_1	Reference	98.3649789	1.6350211	12599	11376	11376	11190	186	0	0	2	184	0	2	184	0	0	0	0
582NM_Rep_Cas9Ctrl_K562_1_1	Reference	98.18917018	1.81082982	12599	11376	11376	11170	206	0	0	3	203	0	3	203	0	0	0	0
569NM_Rep_Cas9Ctrl_K562_1_2	Reference	97.34035185	2.65964815	14868	14438	14438	14054	384	0	0	5	379	0	5	379	0	0	0	0
582NM_Rep_Cas9Ctrl_K562_1_2	Reference	98.60091425	1.39908575	14868	14438	14438	14236	202	0	1	6	198	0	4	195	0	1	2	0
563NM_Rep_Cas9Ctrl_HEK_1_1	Reference	98.594098	1.405902	7246	7184	7184	7083	101	0	0	6	95	0	6	95	0	0	0	0
566NM_Rep_Cas9Ctrl_HEK_1_1	Reference	98.39922049	1.60077951	7246	7184	7184	7069	115	0	0	1	114	0	1	114	0	0	0	0
563NM_Rep_Cas9Ctrl_HEK_1_2	Reference	98.85443413	1.14556587	5116	5063	5063	5005	58	0	0	2	56	0	2	56	0	0	0	0
566NM_Rep_Cas9Ctrl_HEK_1_2	Reference	98.55816709	1.44183291	5116	5063	5063	4990	73	0	0	1	72	0	1	72	0	0	0	0
563NM_Rep_Cas9Ctrl_K562_1_1	Reference	98.72037915	1.27962085	13241	12660	12660	12498	162	0	0	6	157	0	5	156	0	0	1	0
566NM_Rep_Cas9Ctrl_K562_1_1	Reference	98.20695103	1.79304897	13241	12660	12660	12433	227	0	0	0	227	0	0	227	0	0	0	0
563NM_Rep_Cas9Ctrl_K562_1_2	Reference	98.86052469	1.13947531	11417	11321	11321	11192	129	0	0	8	121	0	8	121	0	0	0	0
566NM_Rep_Cas9Ctrl_K562_1_2	Reference	98.33053617	1.66946383	11417	11321	11321	11132	189	0	0	3	186	0	3	186	0	0	0	0
567NM_Rep_Cas9Ctrl_HEK_1_1	Reference	98.62916902	1.37083098	7145	7076	7076	6979	97	0	0	0	97	0	0	97	0	0	0	0
568NM_Rep_Cas9Ctrl_HEK_1_1	Reference	98.88355003	1.11644997	7145	7076	7076	6997	79	0	0	3	76	0	3	76	0	0	0	0
567NM_Rep_Cas9Ctrl_HEK_1_2	Reference	97.99914857	2.00085143	4750	4698	4698	4604	94	0	1	1	92	1	1	92	0	0	0	0
568NM_Rep_Cas9Ctrl_HEK_1_2	Reference	98.74414645	1.25585355	4750	4698	4698	4639	59	0	0	1	58	0	1	58	0	0	0	0
567NM_Rep_Cas9Ctrl_K562_1_1	Reference	98.79067722	1.20932278	18400	18192	18192	17972	220	0	0	3	217	0	3	217	0	0	0	0
568NM_Rep_Cas9Ctrl_K562_1_1	Reference	98.72471416	1.27528584	18400	18192	18192	17960	232	0	1	7	225	0	7	224	0	1	0	0
567NM_Rep_Cas9Ctrl_K562_1_2	Reference	98.55838176	1.44161824	13415	13249	13249	13058	191	0	0	0	191	0	0	191	0	0	0	0
568NM_Rep_Cas9Ctrl_K562_1_2	Reference	98.93576874	1.06423126	13415	13249	13249	13108	141	0	0	3	138	0	3	138	0	0	0	0
578NM_Rep_Cas9Ctrl_HEK_1_1	Reference	98.33692037	1.66307963	10368	10222	10222	10052	170	0	1	4	165	1	4	165	0	0	0	0
580NM_Rep_Cas9Ctrl_HEK_1_1	Reference	98.97280376	1.02719624	10368	10222	10222	10117	105	0	0	9	96	0	9	96	0	0	0	0
578NM_Rep_Cas9Ctrl_HEK_1_2	Reference	98.63732621	1.36267379	11001	10861	10861	10713	148	0	1	2	145	1	2	145	0	0	0	0
580NM_Rep_Cas9Ctrl_HEK_1_2	Reference	99.15293251	0.84706749	11001	10861	10861	10769	92	0	0	3	89	0	3	89	0	0	0	0
578NM_Rep_Cas9Ctrl_K562_1_1	Reference	98.36080628	1.63919372	22270	21779	21779	21422	357	0	5	28	325	5	27	324	0	0	1	0
580NM_Rep_Cas9Ctrl_K562_1_1	Reference	98.7281326	1.2718674	22270	21779	21779	21502	277	0	0	11	266	0	11	266	0	0	0	0
578NM_Rep_Cas9Ctrl_K562_1_2	Reference	98.66294808	1.33705192	24731	24382	24382	24056	326	0	1	12	313	1	12	313	0	0	0	0
580NM_Rep_Cas9Ctrl_K562_1_2	Reference	99.20022968	0.79977032	24731	24382	24382	24187	195	0	0	8	187	0	8	187	0	0	0	0
565NM_Rep_Cas9Ctrl_HEK_1_1	Reference	97.98719122	2.01280878	7081	5465	5465	5355	110	0	0	0	110	0	0	110	0	0	0	0
575NM_Rep_Cas9Ctrl_HEK_1_1	Reference	99.10338518	0.89661482	7081	5465	5465	5416	49	0	0	0	49	0	0	49	0	0	0	0
576NM_Rep_Cas9Ctrl_HEK_1_1	Reference	98.20677036	1.79322964	7081	5465	5465	5367	98	0	2	11	86	1	11	85	0	1	0	0
565NM_Rep_Cas9Ctrl_HEK_1_2	Reference	96.28132579	3.71867421	6137	3711	3711	3573	138	0	0	2	136	0	2	136	0	0	0	0
575NM_Rep_Cas9Ctrl_HEK_1_2	Reference	98.92212342	1.07787658	6137	3711	3711	3671	40	0	0	0	40	0	0	40	0	0	0	0
576NM_Rep_Cas9Ctrl_HEK_1_2	Reference	97.97898141	2.02101859	6137	3711	3711	3636	75	0	0	2	73	0	2	73	0	0	0	0
565NM_Rep_Cas9Ctrl_K562_1_1	Reference	98.16253771	1.83746229	16405	10939	10939	10738	201	0	0	2	199	0	2	199	0	0	0	0
575NM_Rep_Cas9Ctrl_K562_1_1	Reference	98.81159155	1.18840845	16405	10939	10939	10809	130	0	0	7	123	0	7	123	0	0	0	0
576NM_Rep_Cas9Ctrl_K562_1_1	Reference	97.84258159	2.15741841	16405	10939	10939	10703	236	0	0	21	217	0	19	215	0	0	2	0
565NM_Rep_Cas9Ctrl_K562_1_2	Reference	96.97767378	3.02232622	15059	10257	10257	9947	310	0	0	1	309	0	1	309	0	0	0	0
575NM_Rep_Cas9Ctrl_K562_1_2	Reference	98.85931559	1.14068441	15059	10257	10257	10140	117	0	0	1	116	0	1	116	0	0	0	0
576NM_Rep_Cas9Ctrl_K562_1_2	Reference	98.29368175	1.70631825	15059	10256	10256	10081	175	0	1	10	164	1	10	164	0	0	0	0
571NM_Rep_Cas9Ctrl_HEK_1_1	Reference	98.78801738	1.21198262	8792	8746	8746	8640	106	0	0	2	104	0	2	104	0	0	0	0
572NM_Rep_Cas9Ctrl_HEK_1_1	Reference	98.59364281	1.40635719	8792	8746	8746	8623	123	0	1	0	122	1	0	122	0	0	0	0
579NM_Rep_Cas9Ctrl_HEK_1_1	Reference	98.21632746	1.78367254	8792	8746	8746	8590	156	0	1	3	153	0	3	152	0	1	0	0
571NM_Rep_Cas9Ctrl_HEK_1_2	Reference	98.15253434	1.84746566	6387	6333	6333	6216	117	0	0	2	115	0	2	115	0	0	0	0
572NM_Rep_Cas9Ctrl_HEK_1_2	Reference	98.92625928	1.07374072	6387	6333	6333	6265	68	0	0	0	68	0	0	68	0	0	0	0
579NM_Rep_Cas9Ctrl_HEK_1_2	Reference	98.54729196	1.45270804	6387	6333	6333	6241	92	0	0	1	91	0	1	91	0	0	0	0
571NM_Rep_Cas9Ctrl_K562_1_1	Reference	98.80686695	1.19313305	23454	23300	23300	23022	278	0	0	4	275	0	3	274	0	0	1	0
572NM_Rep_Cas9Ctrl_K562_1_1	Reference	98.67811159	1.32188841	23454	23300	23300	22992	308	0	1	3	304	1	3	304	0	0	0	0
579NM_Rep_Cas9Ctrl_K562_1_1	Reference	97.86266094	2.13733906	23454	23300	23300	22802	498	0	0	0	498	0	0	498	0	0	0	0
571NM_Rep_Cas9Ctrl_K562_1_2	Reference	98.24125911	1.75874089	19076	18934	18934	18601	333	0	0	1	332	0	1	332	0	0	0	0
572NM_Rep_Cas9Ctrl_K562_1_2	Reference	98.99651421	1.00348579	19076	18934	18934	18744	190	0	0	1	189	0	1	189	0	0	0	0
579NM_Rep_Cas9Ctrl_K562_1_2	Reference	98.51589733	1.48410267	19076	18934	18934	18653	281	0	0	0	281	0	0	281	0	0	0	0
570NM_Rep_Cas9Ctrl_HEK_1_1	Reference	98.59087652	1.40912348	7678	4187	4187	4128	59	0	0	0	59	0	0	59	0	0	0	0
573NM_Rep_Cas9Ctrl_HEK_1_1	Reference	98.66252687	1.33747313	7678	4187	4187	4131	56	0	0	2	54	0	2	54	0	0	0	0
577NM_Rep_Cas9Ctrl_HEK_1_1	Reference	97.96990685	2.03009315	7678	4187	4187	4102	85	0	0	0	85	0	0	85	0	0	0	0
570NM_Rep_Cas9Ctrl_HEK_1_2	Reference	97.67364573	2.32635427	7192	3009	3009	2939	70	0	0	0	70	0	0	70	0	0	0	0
573NM_Rep_Cas9Ctrl_HEK_1_2	Reference	98.96975739	1.03024261	7192	3009	3009	2978	31	0	0	0	31	0	0	31	0	0	0	0
577NM_Rep_Cas9Ctrl_HEK_1_2	Reference	98.40478564	1.59521436	7192	3009	3009	2961	48	0	0	0	48	0	0	48	0	0	0	0
570NM_Rep_Cas9Ctrl_K562_1_1	Reference	98.60777724	1.39222276	5946	4166	4166	4108	58	0	0	1	57	0	1	57	0	0	0	0
573NM_Rep_Cas9Ctrl_K562_1_1	Reference	98.36773884	1.63226116	5946	4166	4166	4098	68	0	0	1	67	0	1	67	0	0	0	0
577NM_Rep_Cas9Ctrl_K562_1_1	Reference	98.03168507	1.96831493	5946	4166	4166	4084	82	0	0	0	82	0	0	82	0	0	0	0
570NM_Rep_Cas9Ctrl_K562_1_2	Reference	97.97806717	2.02193283	5530	2918	2918	2859	59	0	0	0	59	0	0	59	0	0	0	0
573NM_Rep_Cas9Ctrl_K562_1_2	Reference	98.97189856	1.02810144	5530	2918	2918	2888	30	0	0	0	30	0	0	30	0	0	0	0
577NM_Rep_Cas9Ctrl_K562_1_2	Reference	98.56065798	1.43934202	5530	2918	2918	2876	42	0	0	1	42	0	0	41	0	0	1	0
564NM_Rep_Cas9Ctrl_HEK_1_1	Reference	98.51046025	1.48953975	12154	11950	11950	11772	178	0	0	0	178	0	0	178	0	0	0	0
574NM_Rep_Cas9Ctrl_HEK_1_1	Reference	98.61087866	1.38912134	12154	11950	11950	11784	166	0	0	2	164	0	2	164	0	0	0	0
581NM_Rep_Cas9Ctrl_HEK_1_1	Reference	97.71548117	2.28451883	12154	11950	11950	11677	273	0	0	5	268	0	5	268	0	0	0	0
564NM_Rep_Cas9Ctrl_HEK_1_2	Reference	97.83903957	2.16096043	11457	11245	11245	11002	243	0	0	4	239	0	4	239	0	0	0	0
574NM_Rep_Cas9Ctrl_HEK_1_2	Reference	98.6216096	1.3783904	11457	11245	11245	11090	155	0	0	2	153	0	2	153	0	0	0	0
581NM_Rep_Cas9Ctrl_HEK_1_2	Reference	98.05246776	1.94753224	11457	11245	11245	11026	219	0	0	1	218	0	1	218	0	0	0	0
564NM_Rep_Cas9Ctrl_K562_1_1	Reference	98.57130562	1.42869438	11699	11619	11619	11453	166	0	0	1	165	0	1	165	0	0	0	0
574NM_Rep_Cas9Ctrl_K562_1_1	Reference	98.74343747	1.25656253	11699	11619	11619	11473	146	0	0	1	145	0	1	145	0	0	0	0
581NM_Rep_Cas9Ctrl_K562_1_1	Reference	98.33032103	1.66967897	11699	11619	11619	11425	194	0	0	0	194	0	0	194	0	0	0	0
564NM_Rep_Cas9Ctrl_K562_1_2	Reference	98.13555604	1.86444396	9271	9118	9118	8948	170	0	0	3	167	0	3	167	0	0	0	0
574NM_Rep_Cas9Ctrl_K562_1_2	Reference	98.88133363	1.11866637	9271	9118	9118	9016	102	0	0	2	100	0	2	100	0	0	0	0
581NM_Rep_Cas9Ctrl_K562_1_2	Reference	98.34393507	1.65606493	9271	9118	9118	8967	151	0	0	2	149	0	2	149	0	0	0	0
563NM_End_Cas9Ctrl_HEK_1_1	Reference	97.97365755	2.02634245	10207	9870	9870	9670	200	0	0	6	195	0	5	194	0	0	1	0
563NM_End_Cas9Ctrl_HEK_1_2	Reference	97.94780846	2.05219154	8257	7894	7894	7732	162	0	0	5	157	0	5	157	0	0	0	0
563NM_End_Cas9Ctrl_K562_1_1	Reference	98.56035437	1.43964563	4900	4515	4515	4450	65	0	0	1	64	0	1	64	0	0	0	0
563NM_End_Cas9Ctrl_K562_1_2	Reference	98.56564914	1.43435086	2920	2719	2719	2680	39	0	0	0	39	0	0	39	0	0	0	0
564NM_End_Cas9Ctrl_HEK_1_1	Reference	98.40985313	1.59014687	17665	17294	17294	17019	275	0	0	3	272	0	3	272	0	0	0	0
564NM_End_Cas9Ctrl_HEK_1_2	Reference	98.35397161	1.64602839	13955	13244	13244	13026	218	0	25	7	187	25	6	186	0	0	1	0
564NM_End_Cas9Ctrl_K562_1_1	Reference	34.18146904	65.81853096	10847	10415	10415	3560	6855	0	0	3	6854	0	1	6852	0	0	2	0
564NM_End_Cas9Ctrl_K562_1_2	Reference	33.16582915	66.83417085	5634	5373	5373	1782	3591	0	5	6	3581	5	5	3580	0	0	1	0
565NM_End_Cas9Ctrl_HEK_1_1	Reference	98.98319506	1.01680494	23602	23505	23505	23266	239	0	0	1	238	0	1	238	0	0	0	0
565NM_End_Cas9Ctrl_HEK_1_2	Reference	98.27078011	1.72921989	20447	20356	20356	20004	352	0	0	2	350	0	2	350	0	0	0	0
565NM_End_Cas9Ctrl_K562_1_1	Reference	98.57028754	1.42971246	12565	12520	12520	12341	179	0	0	0	179	0	0	179	0	0	0	0
565NM_End_Cas9Ctrl_K562_1_2	Reference	98.36808704	1.63191296	7783	7721	7721	7595	126	0	0	0	126	0	0	126	0	0	0	0
566NM_End_Cas9Ctrl_HEK_1_1	Reference	98.35957137	1.64042863	7737	7559	7559	7435	124	0	0	0	124	0	0	124	0	0	0	0
566NM_End_Cas9Ctrl_HEK_1_2	Reference	98.6083098	1.3916902	5176	4958	4958	4889	69	0	0	0	69	0	0	69	0	0	0	0
566NM_End_Cas9Ctrl_K562_1_1	Reference	98.51420421	1.48579579	8761	8413	8413	8288	125	0	0	2	123	0	2	123	0	0	0	0
566NM_End_Cas9Ctrl_K562_1_2	Reference	96.71977507	3.28022493	4428	4268	4268	4128	140	0	0	0	140	0	0	140	0	0	0	0
567NM_End_Cas9Ctrl_HEK_1_1	Reference	0.28210639	99.71789361	7613	7444	7444	21	7423	0	0	0	7423	0	0	7423	0	0	0	0
567NM_End_Cas9Ctrl_HEK_1_2	Reference	0.15531396	99.84468604	4582	4507	4507	7	4500	0	0	0	4500	0	0	4500	0	0	0	0
567NM_End_Cas9Ctrl_K562_1_1	Reference	0.25546047	99.74453953	7993	7829	7829	20	7809	0	0	1	7809	0	0	7808	0	0	1	0
567NM_End_Cas9Ctrl_K562_1_2	Reference	0.13805798	99.86194202	4425	4346	4346	6	4340	0	0	0	4340	0	0	4340	0	0	0	0
568NM_End_Cas9Ctrl_HEK_1_1	Reference	94.15857023	5.84142977	8375	8337	8337	7850	487	0	2	3	483	1	3	482	0	1	0	0
568NM_End_Cas9Ctrl_HEK_1_2	Reference	95.2794357	4.7205643	5549	5529	5529	5268	261	0	1	2	259	0	2	258	0	1	0	0
568NM_End_Cas9Ctrl_K562_1_1	Reference	93.94879752	6.05120248	9055	9023	9023	8477	546	0	0	3	543	0	3	543	0	0	0	0
568NM_End_Cas9Ctrl_K562_1_2	Reference	95.15067544	4.84932456	5796	5774	5774	5494	280	0	0	2	278	0	2	278	0	0	0	0
569NM_End_Cas9Ctrl_HEK_1_1	Reference	98.70290999	1.29709001	8888	8866	8866	8751	115	0	0	3	112	0	3	112	0	0	0	0
569NM_End_Cas9Ctrl_HEK_1_2	Reference	98.42616669	1.57383331	7332	7307	7307	7192	115	0	0	3	112	0	3	112	0	0	0	0
569NM_End_Cas9Ctrl_K562_1_1	Reference	98.8628498	1.1371502	10128	10113	10113	9998	115	0	0	2	113	0	2	113	0	0	0	0
569NM_End_Cas9Ctrl_K562_1_2	Reference	98.85686489	1.14313511	8252	8223	8223	8129	94	0	0	2	92	0	2	92	0	0	0	0
570NM_End_Cas9Ctrl_HEK_1_1	Reference	98.29110194	1.70889806	12653	11879	11879	11676	203	0	0	0	203	0	0	203	0	0	0	0
570NM_End_Cas9Ctrl_HEK_1_2	Reference	98.23115799	1.76884201	10221	9102	9102	8941	161	0	0	0	161	0	0	161	0	0	0	0
570NM_End_Cas9Ctrl_K562_1_1	Reference	98.64811655	1.35188345	8114	7619	7619	7516	103	0	0	1	102	0	1	102	0	0	0	0
570NM_End_Cas9Ctrl_K562_1_2	Reference	98.49061927	1.50938073	7448	7089	7089	6982	107	0	0	0	107	0	0	107	0	0	0	0
571NM_End_Cas9Ctrl_HEK_1_1	Reference	98.39984196	1.60015804	5133	5062	5062	4981	81	0	0	0	81	0	0	81	0	0	0	0
571NM_End_Cas9Ctrl_HEK_1_2	Reference	99.06103286	0.93896714	5805	5751	5751	5697	54	0	0	2	53	0	1	52	0	0	1	0
571NM_End_Cas9Ctrl_K562_1_1	Reference	97.92889196	2.07110804	6576	5794	5794	5674	120	0	0	0	120	0	0	120	0	0	0	0
571NM_End_Cas9Ctrl_K562_1_2	Reference	98.4789823	1.5210177	14389	7232	7232	7122	110	0	0	4	107	0	3	106	0	0	1	0
572NM_End_Cas9Ctrl_HEK_1_1	Reference	98.20911971	1.79088029	7283	7259	7259	7129	130	0	0	2	129	0	1	128	0	0	1	0
572NM_End_Cas9Ctrl_HEK_1_2	Reference	98.87680513	1.12319487	11303	11218	11218	11092	126	0	0	2	124	0	2	124	0	0	0	0
572NM_End_Cas9Ctrl_K562_1_1	Reference	98.40440422	1.59559578	10935	10717	10717	10546	171	0	0	2	169	0	2	169	0	0	0	0
572NM_End_Cas9Ctrl_K562_1_2	Reference	98.8997461	1.1002539	13060	12997	12997	12854	143	0	0	2	141	0	2	141	0	0	0	0
573NM_End_Cas9Ctrl_HEK_1_1	Reference	98.26169782	1.73830218	16927	16798	16798	16506	292	0	0	3	289	0	3	289	0	0	0	0
573NM_End_Cas9Ctrl_HEK_1_2	Reference	98.60122548	1.39877452	16309	16157	16157	15931	226	0	0	2	224	0	2	224	0	0	0	0
573NM_End_Cas9Ctrl_K562_1_1	Reference	98.14317546	1.85682454	17546	17503	17503	17178	325	0	0	1	324	0	1	324	0	0	0	0
573NM_End_Cas9Ctrl_K562_1_2	Reference	98.43107957	1.56892043	16106	16062	16062	15810	252	0	0	3	249	0	3	249	0	0	0	0
574NM_End_Cas9Ctrl_HEK_1_1	Reference	98.51324634	1.48675366	12721	12645	12645	12457	188	0	0	5	183	0	5	183	0	0	0	0
574NM_End_Cas9Ctrl_HEK_1_2	Reference	98.64990209	1.35009791	9768	9703	9703	9572	131	0	0	1	130	0	1	130	0	0	0	0
574NM_End_Cas9Ctrl_K562_1_1	Reference	98.20181305	1.79818695	13515	13458	13458	13216	242	0	0	1	241	0	1	241	0	0	0	0
574NM_End_Cas9Ctrl_K562_1_2	Reference	98.35642618	1.64357382	10528	10465	10465	10293	172	0	0	3	169	0	3	169	0	0	0	0
575NM_End_Cas9Ctrl_HEK_1_1	Reference	98.86512849	1.13487151	10735	10662	10662	10541	121	0	0	1	120	0	1	120	0	0	0	0
575NM_End_Cas9Ctrl_HEK_1_2	Reference	99.07111756	0.92888244	6940	6890	6890	6826	64	0	0	0	64	0	0	64	0	0	0	0
575NM_End_Cas9Ctrl_K562_1_1	Reference	99.19404836	0.80595164	1628	1613	1613	1600	13	0	0	0	13	0	0	13	0	0	0	0
575NM_End_Cas9Ctrl_K562_1_2	Reference	98.92283791	1.07716209	9718	9655	9655	9551	104	0	0	4	100	0	4	100	0	0	0	0
576NM_End_Cas9Ctrl_HEK_1_1	Reference	98.61206812	1.38793188	10331	10159	10159	10018	141	0	0	13	128	0	13	128	0	0	0	0
576NM_End_Cas9Ctrl_HEK_1_2	Reference	98.23261117	1.76738883	3634	3508	3508	3446	62	0	0	10	52	0	10	52	0	0	0	0
576NM_End_Cas9Ctrl_K562_1_1	Reference	98.50487123	1.49512877	11911	10367	10367	10212	155	0	0	18	137	0	18	137	0	0	0	0
576NM_End_Cas9Ctrl_K562_1_2	Reference	99.0335606	0.9664394	15355	15107	15107	14961	146	0	0	11	135	0	11	135	0	0	0	0
577NM_End_Cas9Ctrl_HEK_1_1	Reference	98.50278552	1.49721448	8971	8616	8616	8487	129	0	0	1	129	0	0	128	0	0	1	0
577NM_End_Cas9Ctrl_HEK_1_2	Reference	98.87640449	1.12359551	2681	2581	2581	2552	29	0	0	1	28	0	1	28	0	0	0	0
577NM_End_Cas9Ctrl_K562_1_1	Reference	98.57638889	1.42361111	3284	2880	2880	2839	41	0	0	0	41	0	0	41	0	0	0	0
577NM_End_Cas9Ctrl_K562_1_2	Reference	98.95774114	1.04225886	5369	5277	5277	5222	55	0	0	0	55	0	0	55	0	0	0	0
578NM_End_Cas9Ctrl_HEK_1_1	Reference	98.17080863	1.82919137	7960	7927	7927	7782	145	0	0	5	140	0	5	140	0	0	0	0
578NM_End_Cas9Ctrl_HEK_1_2	Reference	98.25581395	1.74418605	4500	4472	4472	4394	78	0	0	0	78	0	0	78	0	0	0	0
578NM_End_Cas9Ctrl_K562_1_1	Reference	98.20703654	1.79296346	8923	8868	8868	8709	159	0	1	10	148	1	10	148	0	0	0	0
578NM_End_Cas9Ctrl_K562_1_2	Reference	98.3283477	1.6716523	5720	5683	5683	5588	95	0	0	8	87	0	8	87	0	0	0	0
579NM_End_Cas9Ctrl_HEK_1_1	Reference	98.30724195	1.69275805	7888	7857	7857	7724	133	0	0	4	129	0	4	129	0	0	0	0
579NM_End_Cas9Ctrl_HEK_1_2	Reference	98.57638255	1.42361745	5493	5479	5479	5401	78	0	1	1	76	1	1	76	0	0	0	0
579NM_End_Cas9Ctrl_K562_1_1	Reference	98.25706445	1.74293555	13518	13483	13483	13248	235	0	0	2	234	0	1	233	0	0	1	0
579NM_End_Cas9Ctrl_K562_1_2	Reference	98.35802658	1.64197342	13126	13094	13094	12879	215	0	0	2	213	0	2	213	0	0	0	0
580NM_End_Cas9Ctrl_HEK_1_1	Reference	98.60127634	1.39872366	11503	11439	11439	11279	160	0	0	8	152	0	8	152	0	0	0	0
580NM_End_Cas9Ctrl_HEK_1_2	Reference	98.82562946	1.17437054	10832	10644	10644	10519	125	0	1	1	123	1	1	123	0	0	0	0
580NM_End_Cas9Ctrl_K562_1_1	Reference	98.59596961	1.40403039	12288	12108	12108	11938	170	0	0	7	163	0	7	163	0	0	0	0
580NM_End_Cas9Ctrl_K562_1_2	Reference	98.81983294	1.18016706	13219	13049	13049	12895	154	0	0	5	150	0	4	149	0	0	1	0
581NM_End_Cas9Ctrl_HEK_1_1	Reference	97.81372549	2.18627451	10323	10200	10200	9977	223	0	4	2	222	0	1	217	0	4	1	0
581NM_End_Cas9Ctrl_HEK_1_2	Reference	98.04947669	1.95052331	10662	10510	10510	10305	205	0	1	2	204	0	1	202	0	1	1	0
581NM_End_Cas9Ctrl_K562_1_1	Reference	97.98541827	2.01458173	10478	10424	10424	10214	210	0	0	2	209	0	1	208	0	0	1	0
581NM_End_Cas9Ctrl_K562_1_2	Reference	97.79809891	2.20190109	8452	8311	8311	8128	183	0	0	3	181	0	2	180	0	0	1	0
582NM_End_Cas9Ctrl_HEK_1_1	Reference	98.37118453	1.62881547	15287	15103	15103	14857	246	0	0	0	246	0	0	246	0	0	0	0
582NM_End_Cas9Ctrl_HEK_1_2	Reference	98.69912211	1.30087789	12769	12530	12530	12367	163	0	0	1	162	0	1	162	0	0	0	0
582NM_End_Cas9Ctrl_K562_1_1	Reference	98.02759967	1.97240033	14475	14348	14348	14065	283	0	0	1	282	0	1	282	0	0	0	0
582NM_End_Cas9Ctrl_K562_1_2	Reference	98.40310078	1.59689922	13134	12900	12900	12694	206	0	0	1	205	0	1	205	0	0	0	0
