Batch	Amplicon	Unmodified%	Modified%	Reads_in_input	Reads_aligned_all_amplicons	Reads_aligned	Unmodified	Modified	Discarded	Insertions	Deletions	Substitutions	Only Insertions	Only Deletions	Only Substitutions	Insertions and Deletions	Insertions and Substitutions	Deletions and Substitutions	Insertions Deletions and Substitutions
563NM_End_BE4max_HEK_1_1	Reference	64.69947057	35.30052943	6543	6422	6422	4155	2267	0	5	47	2230	5	32	2215	0	0	15	0
563NM_End_BE4max_HEK_1_2	Reference	53.86181621	46.13818379	7596	7367	7367	3968	3399	0	9	68	3344	7	48	3323	0	1	19	1
563NM_End_BE4max_HEK_2_1	Reference	68.78392424	31.21607576	8769	8659	8659	5956	2703	0	6	42	2667	5	31	2656	0	0	10	1
563NM_End_BE4max_HEK_2_2	Reference	61.44708423	38.55291577	5710	5556	5556	3414	2142	0	2	32	2121	1	20	2109	0	0	11	1
563NM_End_BE4max_K562_1_1	Reference	55.5726257	44.4273743	7761	7160	7160	3979	3181	0	7	129	3111	4	66	3046	0	2	62	1
563NM_End_BE4max_K562_1_2	Reference	53.35051546	46.64948454	3156	2716	2716	1449	1267	0	9	64	1227	2	38	1196	0	5	24	2
563NM_End_BE4max_K562_2_1	Reference	66.73009832	33.26990168	6605	6306	6306	4208	2098	0	5	44	2066	3	29	2049	0	2	15	0
563NM_End_BE4max_K562_2_2	Reference	55.625	44.375	2993	2880	2880	1602	1278	0	5	49	1246	2	30	1226	0	1	17	2
563NM_Rep_BE4max_HEK_1_1	Reference	57.59272218	42.40727782	4400	4287	4287	2469	1818	0	6	29	1789	3	26	1783	0	3	3	0
563NM_Rep_BE4max_HEK_1_2	Reference	41.13400247	58.86599753	5747	5679	5679	2336	3343	0	16	32	3305	10	28	3295	0	6	4	0
563NM_Rep_BE4max_HEK_2_1	Reference	64.2640108	35.7359892	5983	5924	5924	3807	2117	0	3	18	2099	3	15	2096	0	0	3	0
563NM_Rep_BE4max_HEK_2_2	Reference	50.50858763	49.49141237	6061	5997	5997	3029	2968	0	15	39	2935	6	27	2914	0	9	12	0
563NM_Rep_BE4max_K562_1_1	Reference	67.97517455	32.02482545	6523	6445	6445	4381	2064	0	3	7	2058	3	3	2054	0	0	4	0
563NM_Rep_BE4max_K562_1_2	Reference	62.45106383	37.54893617	5934	5875	5875	3669	2206	0	0	20	2188	0	18	2186	0	0	2	0
563NM_Rep_BE4max_K562_2_1	Reference	75.614489	24.385511	7779	7730	7730	5845	1885	0	1	18	1870	1	14	1866	0	0	4	0
563NM_Rep_BE4max_K562_2_2	Reference	64.80654762	35.19345238	8135	8064	8064	5226	2838	0	5	24	2815	2	21	2809	0	3	3	0
564NM_End_BE4max_HEK_1_1	Reference	63.13453001	36.86546999	10813	10362	10362	6542	3820	0	159	833	3035	114	671	2828	0	45	162	0
564NM_End_BE4max_HEK_1_2	Reference	50.61571125	49.38428875	12159	11775	11775	5960	5815	0	275	1133	4728	196	891	4424	0	62	225	17
564NM_End_BE4max_HEK_2_1	Reference	74.26630671	25.73369329	11706	11483	11483	8528	2955	0	84	551	2430	59	466	2320	0	25	85	0
564NM_End_BE4max_HEK_2_2	Reference	57.20924229	42.79075771	7938	7747	7747	4432	3315	0	161	575	2765	92	458	2582	0	66	114	3
564NM_End_BE4max_K562_1_1	Reference	23.49102773	76.50897227	12355	11647	11647	2736	8911	0	29	148	8790	16	105	8734	0	13	43	0
564NM_End_BE4max_K562_1_2	Reference	19.21831138	80.78168862	9971	9262	9262	1780	7482	0	17	186	7347	7	128	7280	0	9	57	1
564NM_End_BE4max_K562_2_1	Reference	26.89663076	73.10336924	9045	8726	8726	2347	6379	0	16	70	6321	6	52	6293	0	10	18	0
564NM_End_BE4max_K562_2_2	Reference	20.21475257	79.78524743	4575	4284	4284	866	3418	0	11	57	3370	5	43	3350	0	6	14	0
564NM_Rep_BE4max_HEK_1_1	Reference	58.49601594	41.50398406	10512	10040	10040	5873	4167	0	240	1180	3191	126	850	2787	0	74	290	40
564NM_Rep_BE4max_HEK_1_2	Reference	46.6376192	53.3623808	12577	12164	12164	5673	6491	0	417	1696	4985	247	1258	4426	1	122	390	47
564NM_Rep_BE4max_HEK_2_1	Reference	70.35488111	29.64511889	8803	8369	8369	5888	2481	0	83	436	2055	58	368	1970	0	17	60	8
564NM_Rep_BE4max_HEK_2_2	Reference	53.15308151	46.84691849	12804	12575	12575	6684	5891	0	440	1448	4558	278	1055	4058	0	107	338	55
564NM_Rep_BE4max_K562_1_1	Reference	79.8337913	20.1662087	15184	14921	14921	11912	3009	0	118	728	2404	74	529	2182	2	25	180	17
564NM_Rep_BE4max_K562_1_2	Reference	72.88676236	27.11323764	11439	11286	11286	8226	3060	0	110	684	2454	75	530	2276	1	25	144	9
564NM_Rep_BE4max_K562_2_1	Reference	87.04154495	12.95845505	12489	12324	12324	10727	1597	0	63	384	1270	48	279	1157	0	8	98	7
564NM_Rep_BE4max_K562_2_2	Reference	71.20618014	28.79381986	17360	17087	17087	12167	4920	0	208	1099	3963	133	823	3646	1	42	243	32
565NM_End_BE4max_HEK_1_1	Reference	59.51094299	40.48905701	14880	14804	14804	8810	5994	0	17	90	5902	15	77	5887	0	2	13	0
565NM_End_BE4max_HEK_1_2	Reference	60.38163612	39.61836388	15933	15879	15879	9588	6291	0	27	20	6251	27	13	6244	0	0	7	0
565NM_End_BE4max_HEK_2_1	Reference	62.06425154	37.93574846	16175	16093	16093	9988	6105	0	15	102	6011	11	83	5988	0	4	19	0
565NM_End_BE4max_HEK_2_2	Reference	63.16693874	36.83306126	11700	11639	11639	7352	4287	0	15	23	4255	11	21	4249	0	4	2	0
565NM_End_BE4max_K562_1_1	Reference	77.56579351	22.43420649	16371	16301	16301	12644	3657	0	5	24	3633	2	22	3628	0	3	2	0
565NM_End_BE4max_K562_1_2	Reference	77.00654353	22.99345647	12131	12073	12073	9297	2776	0	10	22	2752	7	17	2747	0	0	2	3
565NM_End_BE4max_K562_2_1	Reference	85.42586235	14.57413765	12291	12234	12234	10451	1783	0	4	14	1768	3	12	1765	0	1	2	0
565NM_End_BE4max_K562_2_2	Reference	78.51121589	21.48878411	7020	6999	6999	5495	1504	0	5	7	1495	3	6	1492	0	2	1	0
565NM_Rep_BE4max_HEK_1_1	Reference	67.8566939	32.1433061	12092	7955	7955	5398	2557	0	6	30	2527	5	25	2522	0	0	4	1
565NM_Rep_BE4max_HEK_1_2	Reference	76.70190275	23.29809725	8569	4730	4730	3628	1102	0	4	9	1090	4	8	1089	0	0	1	0
565NM_Rep_BE4max_HEK_2_1	Reference	72.32011747	27.67988253	8543	5448	5448	3940	1508	0	4	25	1487	2	19	1480	0	1	5	1
565NM_Rep_BE4max_HEK_2_2	Reference	75.99659526	24.00340474	10360	7049	7049	5357	1692	0	3	18	1675	2	15	1672	0	0	2	1
565NM_Rep_BE4max_K562_1_1	Reference	81.40655106	18.59344894	8924	6228	6228	5070	1158	0	0	3	1155	0	3	1155	0	0	0	0
565NM_Rep_BE4max_K562_1_2	Reference	79.54335793	20.45664207	5984	4336	4336	3449	887	0	1	4	885	0	2	883	0	0	1	1
565NM_Rep_BE4max_K562_2_1	Reference	88.12260536	11.87739464	9191	7047	7047	6210	837	0	2	9	830	0	7	826	0	2	2	0
565NM_Rep_BE4max_K562_2_2	Reference	79.33435218	20.66564782	9924	5889	5889	4672	1217	0	2	5	1211	1	4	1211	1	0	0	0
566NM_End_BE4max_HEK_1_1	Reference	69.77077364	30.22922636	9192	9074	9074	6331	2743	0	134	406	2619	26	98	2203	0	108	308	0
566NM_End_BE4max_HEK_1_2	Reference	74.82375749	25.17624251	11559	11348	11348	8491	2857	0	103	343	2760	23	74	2411	0	80	269	0
566NM_End_BE4max_HEK_2_1	Reference	65.49884224	34.50115776	10040	9933	9933	6506	3427	0	203	666	3282	29	116	2559	0	173	549	1
566NM_End_BE4max_HEK_2_2	Reference	70.11783549	29.88216451	8835	8741	8741	6129	2612	0	105	352	2519	25	68	2155	0	80	284	0
566NM_End_BE4max_K562_1_1	Reference	90.22556391	9.77443609	13380	12768	12768	11520	1248	0	16	70	1203	5	40	1162	0	11	30	0
566NM_End_BE4max_K562_1_2	Reference	87.18487395	12.81512605	11053	10472	10472	9130	1342	0	23	96	1290	5	47	1223	0	18	49	0
566NM_End_BE4max_K562_2_1	Reference	93.08084487	6.91915513	9825	9611	9611	8946	665	0	19	68	638	4	23	578	0	15	45	0
566NM_End_BE4max_K562_2_2	Reference	88.22374877	11.77625123	4143	4076	4076	3596	480	0	1	32	467	0	13	447	0	1	19	0
566NM_Rep_BE4max_HEK_1_1	Reference	82.89269051	17.10730949	8447	8359	8359	6929	1430	0	38	212	1338	8	84	1180	0	30	128	0
566NM_Rep_BE4max_HEK_1_2	Reference	77.91060997	22.08939003	7427	7361	7361	5735	1626	0	70	236	1555	13	58	1321	0	56	177	1
566NM_Rep_BE4max_HEK_2_1	Reference	79.8553719	20.1446281	7855	7744	7744	6184	1560	0	73	256	1498	6	56	1232	0	66	199	1
566NM_Rep_BE4max_HEK_2_2	Reference	77.36970436	22.63029564	6640	6562	6562	5077	1485	0	43	221	1424	8	53	1221	0	35	168	0
566NM_Rep_BE4max_K562_1_1	Reference	90.29765962	9.70234038	8868	8802	8802	7948	854	0	14	85	806	5	43	755	0	9	42	0
566NM_Rep_BE4max_K562_1_2	Reference	89.17166867	10.82833133	4200	4165	4165	3714	451	0	4	41	431	2	18	406	0	2	23	0
566NM_Rep_BE4max_K562_2_1	Reference	93.74313941	6.25686059	6429	6377	6377	5978	399	0	5	56	370	0	29	338	0	5	27	0
566NM_Rep_BE4max_K562_2_2	Reference	87.49425287	12.50574713	6574	6525	6525	5709	816	0	10	94	776	4	36	712	0	6	58	0
567NM_End_BE4max_HEK_1_1	Reference	0.13236267	99.86763733	7683	7555	7555	10	7545	0	4	39	7524	0	21	7502	0	4	18	0
567NM_End_BE4max_HEK_1_2	Reference	0.07022472	99.92977528	10218	9968	9968	7	9961	0	11	51	9936	0	25	9899	0	11	26	0
567NM_End_BE4max_HEK_2_1	Reference	0.10288066	99.89711934	7925	7776	7776	8	7768	0	6	24	7751	0	17	7738	0	6	7	0
567NM_End_BE4max_HEK_2_2	Reference	0.20411368	99.79588632	6484	6369	6369	13	6356	0	6	27	6345	0	11	6323	0	6	16	0
567NM_End_BE4max_K562_1_1	Reference	0.10009008	99.89990992	10375	9991	9991	10	9981	0	7	25	9965	0	16	9949	0	7	9	0
567NM_End_BE4max_K562_1_2	Reference	0.14876209	99.85123791	9623	9411	9411	14	9397	0	8	43	9378	1	18	9346	0	7	25	0
567NM_End_BE4max_K562_2_1	Reference	0.17284936	99.82715064	7714	7521	7521	13	7508	0	1	12	7503	0	5	7495	0	1	7	0
567NM_End_BE4max_K562_2_2	Reference	0.16963528	99.83036472	7183	7074	7074	12	7062	0	2	5	7058	0	4	7055	0	2	1	0
567NM_Rep_BE4max_HEK_1_1	Reference	69.72477064	30.27522936	8168	8066	8066	5624	2442	0	161	193	2242	61	139	2088	0	100	54	0
567NM_Rep_BE4max_HEK_1_2	Reference	51.25106625	48.74893375	7122	7034	7034	3605	3429	0	155	185	3263	51	115	3091	0	102	68	2
567NM_Rep_BE4max_HEK_2_1	Reference	76.48942364	23.51057636	10461	10306	10306	7883	2423	0	126	193	2237	44	142	2106	0	80	49	2
567NM_Rep_BE4max_HEK_2_2	Reference	60.8317732	39.1682268	7543	7478	7478	4549	2929	0	141	136	2790	52	87	2653	0	88	48	1
567NM_Rep_BE4max_K562_1_1	Reference	80.66091301	19.33908699	8910	8806	8806	7103	1703	0	48	32	1671	18	14	1623	0	30	18	0
567NM_Rep_BE4max_K562_1_2	Reference	72.39459029	27.60540971	3805	3771	3771	2730	1041	0	30	18	1025	5	11	993	0	25	7	0
567NM_Rep_BE4max_K562_2_1	Reference	87.5724729	12.4275271	7997	7934	7934	6948	986	0	27	22	965	11	10	937	0	16	12	0
567NM_Rep_BE4max_K562_2_2	Reference	75.35097192	24.64902808	7481	7408	7408	5582	1826	0	42	30	1802	7	17	1754	0	35	13	0
568NM_End_BE4max_HEK_1_1	Reference	61.24983485	38.75016515	7599	7569	7569	4636	2933	0	9	83	2862	2	69	2841	0	7	14	0
568NM_End_BE4max_HEK_1_2	Reference	44.83230664	55.16769336	11727	11688	11688	5240	6448	0	17	185	6308	4	136	6246	0	13	49	0
568NM_End_BE4max_HEK_2_1	Reference	67.92004997	32.07995003	8043	8005	8005	5437	2568	0	6	24	2545	2	21	2538	0	4	3	0
568NM_End_BE4max_HEK_2_2	Reference	47.98097457	52.01902543	10356	10302	10302	4943	5359	0	26	139	5240	3	116	5195	0	22	22	1
568NM_End_BE4max_K562_1_1	Reference	73.84692935	26.15307065	11948	11903	11903	8790	3113	0	10	27	3097	1	15	3076	0	9	12	0
568NM_End_BE4max_K562_1_2	Reference	63.29817291	36.70182709	10646	10618	10618	6721	3897	0	6	35	3864	3	30	3856	0	3	5	0
568NM_End_BE4max_K562_2_1	Reference	76.06530445	23.93469555	9782	9739	9739	7408	2331	0	3	23	2310	1	20	2305	0	2	3	0
568NM_End_BE4max_K562_2_2	Reference	72.32107157	27.67892843	10032	10004	10004	7235	2769	0	3	24	2754	0	15	2742	0	3	9	0
568NM_Rep_BE4max_HEK_1_1	Reference	59.31974946	40.68025054	12800	12613	12613	7482	5131	0	11	136	5003	6	122	4984	0	5	14	0
568NM_Rep_BE4max_HEK_1_2	Reference	48.90797903	51.09202097	6965	6868	6868	3359	3509	0	5	66	3449	1	59	3438	0	4	7	0
568NM_Rep_BE4max_HEK_2_1	Reference	69.2679558	30.7320442	10272	10136	10136	7021	3115	0	3	71	3048	1	66	3041	0	2	5	0
568NM_Rep_BE4max_HEK_2_2	Reference	52.19394701	47.80605299	9667	9549	9549	4984	4565	0	12	98	4482	3	80	4455	0	9	18	0
568NM_Rep_BE4max_K562_1_1	Reference	79.24550615	20.75449385	8568	8456	8456	6701	1755	0	2	15	1742	1	12	1738	0	1	3	0
568NM_Rep_BE4max_K562_1_2	Reference	71.98041349	28.01958651	5573	5514	5514	3969	1545	0	2	14	1535	1	9	1529	0	1	5	0
568NM_Rep_BE4max_K562_2_1	Reference	83.06510992	16.93489008	9611	9507	9507	7897	1610	0	1	16	1593	1	16	1593	0	0	0	0
568NM_Rep_BE4max_K562_2_2	Reference	80.01833181	19.98166819	7699	7637	7637	6111	1526	0	1	17	1510	0	16	1508	0	1	1	0
569NM_End_BE4max_HEK_1_1	Reference	52.85704999	47.14295001	15432	15383	15383	8131	7252	0	52	322	7047	21	184	6879	0	30	137	1
569NM_End_BE4max_HEK_1_2	Reference	47.0559251	52.9440749	12208	12177	12177	5730	6447	0	48	204	6323	16	108	6196	0	31	95	1
569NM_End_BE4max_HEK_2_1	Reference	52.62657681	47.37342319	11614	11574	11574	6091	5483	0	42	256	5354	14	115	5185	0	28	141	0
569NM_End_BE4max_HEK_2_2	Reference	49.87706655	50.12293345	11835	11795	11795	5883	5912	0	53	167	5832	14	66	5702	0	29	91	10
569NM_End_BE4max_K562_1_1	Reference	68.87593672	31.12406328	12036	12010	12010	8272	3738	0	27	141	3670	7	61	3574	0	16	76	4
569NM_End_BE4max_K562_1_2	Reference	53.67077063	46.32922937	13294	13158	13158	7062	6096	0	75	217	5995	13	88	5814	0	52	119	10
569NM_End_BE4max_K562_2_1	Reference	65.65344854	34.34655146	13018	12962	12962	8510	4452	0	43	190	4338	14	99	4221	1	27	89	1
569NM_End_BE4max_K562_2_2	Reference	63.17227383	36.82772617	12846	12811	12811	8093	4718	0	42	188	4629	5	84	4493	0	32	99	5
569NM_Rep_BE4max_HEK_1_1	Reference	53.14559617	46.85440383	10134	10014	10014	5322	4692	0	117	227	4556	16	119	4366	1	83	90	17
569NM_Rep_BE4max_HEK_1_2	Reference	47.31806944	52.68193056	9524	9303	9303	4402	4901	0	88	149	4806	17	76	4677	2	58	60	11
569NM_Rep_BE4max_HEK_2_1	Reference	60.22156023	39.77843977	10854	10742	10742	6469	4273	0	95	231	4116	19	136	3960	2	63	82	11
569NM_Rep_BE4max_HEK_2_2	Reference	50.13876041	49.86123959	9913	9729	9729	4878	4851	0	92	188	4743	21	87	4591	0	51	81	20
569NM_Rep_BE4max_K562_1_1	Reference	74.70723307	25.29276693	8802	8710	8710	6507	2203	0	26	30	2183	6	13	2153	1	14	11	5
569NM_Rep_BE4max_K562_1_2	Reference	64.66819974	35.33180026	6141	6088	6088	3937	2151	0	15	28	2141	1	8	2112	1	10	16	3
569NM_Rep_BE4max_K562_2_1	Reference	73.42593795	26.57406205	7767	7703	7703	5656	2047	0	16	21	2038	2	7	2014	0	10	10	4
569NM_Rep_BE4max_K562_2_2	Reference	70.34911991	29.65088009	10452	10283	10283	7234	3049	0	18	37	3036	1	12	2998	0	13	21	4
570NM_End_BE4max_HEK_1_1	Reference	61.47540984	38.52459016	1906	1830	1830	1125	705	0	2	4	699	2	4	699	0	0	0	0
570NM_End_BE4max_HEK_1_2	Reference	59.66680211	40.33319789	13136	12305	12305	7342	4963	0	16	40	4917	15	31	4907	0	1	9	0
570NM_End_BE4max_HEK_2_1	Reference	60.14293568	39.85706432	17468	16371	16371	9846	6525	0	18	61	6456	12	56	6447	1	5	4	0
570NM_End_BE4max_HEK_2_2	Reference	62.83964365	37.16035635	19036	17960	17960	11286	6674	0	23	38	6627	19	28	6613	0	4	10	0
570NM_End_BE4max_K562_1_1	Reference	76.93296898	23.06703102	13010	12442	12442	9572	2870	0	7	21	2846	6	18	2842	0	1	3	0
570NM_End_BE4max_K562_1_2	Reference	67.60353021	32.39646979	17054	14730	14730	9958	4772	0	17	77	4708	10	54	4678	0	7	23	0
570NM_End_BE4max_K562_2_1	Reference	70.74483149	29.25516851	18809	17655	17655	12490	5165	0	13	34	5122	11	32	5118	0	2	2	0
570NM_End_BE4max_K562_2_2	Reference	64.91736931	35.08263069	15512	14825	14825	9624	5201	0	11	115	5086	8	107	5075	0	3	8	0
570NM_Rep_BE4max_HEK_1_1	Reference	60.69788797	39.30211203	12339	3267	3267	1983	1284	0	39	21	1267	9	8	1234	0	20	3	10
570NM_Rep_BE4max_HEK_1_2	Reference	63.69193154	36.30806846	7514	3272	3272	2084	1188	0	37	19	1171	10	7	1137	0	22	7	5
570NM_Rep_BE4max_HEK_2_1	Reference	69.03662665	30.96337335	12892	3249	3249	2243	1006	0	21	14	996	3	7	976	0	13	2	5
570NM_Rep_BE4max_HEK_2_2	Reference	65.31124498	34.68875502	7946	3984	3984	2602	1382	0	34	26	1358	6	18	1327	0	23	3	5
570NM_Rep_BE4max_K562_1_1	Reference	80.90492863	19.09507137	7379	3713	3713	3004	709	0	12	12	698	3	8	687	0	7	2	2
570NM_Rep_BE4max_K562_1_2	Reference	72.10915819	27.89084181	4552	2162	2162	1559	603	0	15	16	597	0	6	580	0	7	2	8
570NM_Rep_BE4max_K562_2_1	Reference	76.22141372	23.77858628	7208	3848	3848	2933	915	0	29	15	909	2	4	878	0	20	4	7
570NM_Rep_BE4max_K562_2_2	Reference	72.05098494	27.94901506	7724	4315	4315	3109	1206	0	23	16	1199	2	5	1171	0	17	7	4
571NM_End_BE4max_HEK_1_1	Reference	57.42857143	42.57142857	5977	5950	5950	3417	2533	0	14	105	2453	6	74	2414	0	8	31	0
571NM_End_BE4max_HEK_1_2	Reference	55.00714172	44.99285828	6375	6301	6301	3466	2835	0	22	91	2767	13	55	2722	0	9	36	0
571NM_End_BE4max_HEK_2_1	Reference	66.98389458	33.01610542	6901	6830	6830	4575	2255	0	20	94	2182	13	60	2143	0	5	32	2
571NM_End_BE4max_HEK_2_2	Reference	60.79989578	39.20010422	7775	7676	7676	4667	3009	0	25	81	2943	18	48	2903	0	7	33	0
571NM_End_BE4max_K562_1_1	Reference	62.56908391	37.43091609	6076	5971	5971	3736	2235	0	30	136	2144	10	81	2069	0	20	55	0
571NM_End_BE4max_K562_1_2	Reference	48.87556222	51.12443778	6161	6003	6003	2934	3069	0	16	160	2978	4	87	2894	0	11	72	1
571NM_End_BE4max_K562_2_1	Reference	55.23310493	44.76689507	7603	7443	7443	4111	3332	0	22	203	3231	7	94	3107	0	15	109	0
571NM_End_BE4max_K562_2_2	Reference	47.02818627	52.97181373	6674	6528	6528	3070	3458	0	8	111	3381	5	72	3339	0	3	39	0
571NM_Rep_BE4max_HEK_1_1	Reference	51.12460191	48.87539809	10116	10048	10048	5137	4911	0	74	482	4486	48	377	4359	0	22	101	4
571NM_Rep_BE4max_HEK_1_2	Reference	43.95124429	56.04875571	9936	9845	9845	4327	5518	0	50	263	5282	35	201	5209	0	11	58	4
571NM_Rep_BE4max_HEK_2_1	Reference	59.83162457	40.16837543	12065	11997	11997	7178	4819	0	77	393	4462	53	304	4353	0	20	85	4
571NM_Rep_BE4max_HEK_2_2	Reference	48.86462882	51.13537118	11509	11450	11450	5595	5855	0	60	297	5584	43	227	5499	1	16	69	0
571NM_Rep_BE4max_K562_1_1	Reference	75.73299535	24.26700465	11913	11835	11835	8963	2872	0	15	135	2757	8	107	2723	0	6	27	1
571NM_Rep_BE4max_K562_1_2	Reference	59.92970123	40.07029877	6296	6259	6259	3751	2508	0	6	77	2443	5	60	2426	0	0	16	1
571NM_Rep_BE4max_K562_2_1	Reference	67.25962416	32.74037584	11034	10962	10962	7373	3589	0	21	149	3470	8	111	3422	0	10	35	3
571NM_Rep_BE4max_K562_2_2	Reference	57.93282613	42.06717387	5437	5389	5389	3122	2267	0	11	75	2204	6	57	2182	0	4	17	1
572NM_End_BE4max_HEK_1_1	Reference	72.03319502	27.96680498	8461	8435	8435	6076	2359	0	40	80	2318	5	36	2239	0	35	44	0
572NM_End_BE4max_HEK_1_2	Reference	70.28729839	29.71270161	7962	7936	7936	5578	2358	0	33	60	2317	7	34	2265	0	26	26	0
572NM_End_BE4max_HEK_2_1	Reference	73.16141356	26.83858644	1050	1047	1047	766	281	0	7	9	276	1	4	265	0	6	5	0
572NM_End_BE4max_HEK_2_2	Reference	70.55489965	29.44510035	12766	12705	12705	8964	3741	0	63	106	3682	16	43	3572	0	47	63	0
572NM_End_BE4max_K562_1_1	Reference	78.47685999	21.52314001	8570	8535	8535	6698	1837	0	22	37	1828	1	8	1778	0	21	29	0
572NM_End_BE4max_K562_1_2	Reference	63.23076923	36.76923077	9800	9750	9750	6165	3585	0	53	99	3554	4	27	3434	0	48	71	1
572NM_End_BE4max_K562_2_1	Reference	62.36407729	37.63592271	12858	12783	12783	7972	4811	0	45	84	4773	7	31	4683	0	37	52	1
572NM_End_BE4max_K562_2_2	Reference	63.16111655	36.83888345	8199	8168	8168	5159	3009	0	22	39	2988	5	16	2948	0	17	23	0
572NM_Rep_BE4max_HEK_1_1	Reference	75.70461201	24.29538799	11004	10928	10928	8273	2655	0	13	146	2549	10	96	2496	0	3	50	0
572NM_Rep_BE4max_HEK_1_2	Reference	72.83411336	27.16588664	9674	9615	9615	7003	2612	0	15	135	2509	10	93	2463	0	4	41	1
572NM_Rep_BE4max_HEK_2_1	Reference	74.11901151	25.88098849	11278	11209	11209	8308	2901	0	10	146	2783	6	112	2746	0	3	33	1
572NM_Rep_BE4max_HEK_2_2	Reference	75.45185336	24.54814664	9836	9793	9793	7389	2404	0	16	107	2332	9	63	2281	0	7	44	0
572NM_Rep_BE4max_K562_1_1	Reference	86.27468663	13.72531337	11159	11089	11089	9567	1522	0	4	17	1507	3	12	1501	0	1	5	0
572NM_Rep_BE4max_K562_1_2	Reference	77.98188544	22.01811456	7889	7839	7839	6113	1726	0	5	52	1692	2	32	1669	0	3	20	0
572NM_Rep_BE4max_K562_2_1	Reference	76.85825682	23.14174318	8015	7951	7951	6111	1840	0	8	37	1814	4	22	1795	0	4	15	0
572NM_Rep_BE4max_K562_2_2	Reference	76.02485826	23.97514174	9287	9172	9172	6973	2199	0	5	37	2172	3	24	2157	0	2	13	0
573NM_End_BE4max_HEK_1_1	Reference	75.00219356	24.99780644	11508	11397	11397	8548	2849	0	59	279	2624	41	184	2511	0	18	95	0
573NM_End_BE4max_HEK_1_2	Reference	78.01899593	21.98100407	11122	11055	11055	8625	2430	0	88	202	2218	63	149	2141	0	24	52	1
573NM_End_BE4max_HEK_2_1	Reference	78.03752015	21.96247985	13742	13646	13646	10649	2997	0	65	286	2723	50	224	2646	0	15	62	0
573NM_End_BE4max_HEK_2_2	Reference	77.27141621	22.72858379	14019	13868	13868	10716	3152	0	107	252	2900	81	171	2793	0	26	81	0
573NM_End_BE4max_K562_1_1	Reference	96.07965152	3.92034848	1618	1607	1607	1544	63	0	0	2	62	0	1	61	0	0	1	0
573NM_End_BE4max_K562_1_2	Reference	92.96668429	7.03331571	1902	1891	1891	1758	133	0	4	2	129	3	1	127	0	1	1	0
573NM_End_BE4max_K562_2_1	Reference	94.41395123	5.58604877	14489	14393	14393	13589	804	0	10	36	771	7	26	758	0	3	10	0
573NM_End_BE4max_K562_2_2	Reference	91.42140366	8.57859634	16405	16343	16343	14941	1402	0	19	71	1336	17	49	1312	0	2	22	0
573NM_Rep_BE4max_HEK_1_1	Reference	61.32132132	38.67867868	8163	3330	3330	2042	1288	0	9	49	1251	7	30	1230	0	2	19	0
573NM_Rep_BE4max_HEK_1_2	Reference	63.82692825	36.17307175	9373	3721	3721	2375	1346	0	22	38	1307	16	23	1286	0	6	15	0
573NM_Rep_BE4max_HEK_2_1	Reference	63.03012577	36.96987423	8222	3419	3419	2155	1264	0	13	51	1221	10	33	1200	0	3	18	0
573NM_Rep_BE4max_HEK_2_2	Reference	59.98894722	40.01105278	9912	3619	3619	2171	1448	0	20	54	1397	14	37	1374	0	6	17	0
573NM_Rep_BE4max_K562_1_1	Reference	87.06185567	12.93814433	12624	5820	5820	5067	753	0	7	11	736	7	10	735	0	0	1	0
573NM_Rep_BE4max_K562_1_2	Reference	78.48130305	21.51869695	12505	4359	4359	3421	938	0	7	21	913	5	20	910	0	2	1	0
573NM_Rep_BE4max_K562_2_1	Reference	84.27672956	15.72327044	9139	3498	3498	2948	550	0	6	16	534	5	11	528	0	1	5	0
573NM_Rep_BE4max_K562_2_2	Reference	73.94957983	26.05042017	9630	3213	3213	2376	837	0	4	21	819	4	14	812	0	0	7	0
574NM_End_BE4max_HEK_1_1	Reference	83.68380062	16.31619938	10328	10272	10272	8596	1676	0	16	74	1605	7	64	1586	0	9	10	0
574NM_End_BE4max_HEK_1_2	Reference	62.15808744	37.84191256	9328	9286	9286	5772	3514	0	26	104	3410	16	88	3384	0	10	16	0
574NM_End_BE4max_HEK_2_1	Reference	67.43017882	32.56982118	10026	9954	9954	6712	3242	0	26	140	3105	19	118	3076	0	7	22	0
574NM_End_BE4max_HEK_2_2	Reference	62.04173717	37.95826283	8914	8865	8865	5500	3365	0	31	121	3237	19	109	3213	0	12	12	0
574NM_End_BE4max_K562_1_1	Reference	89.38070663	10.61929337	10170	10076	10076	9006	1070	0	2	22	1052	1	17	1046	0	1	5	0
574NM_End_BE4max_K562_1_2	Reference	83.49344978	16.50655022	8072	8015	8015	6692	1323	0	6	25	1295	5	23	1292	0	1	2	0
574NM_End_BE4max_K562_2_1	Reference	82.37771538	17.62228462	13635	13534	13534	11149	2385	0	7	27	2358	5	22	2351	0	2	5	0
574NM_End_BE4max_K562_2_2	Reference	80.95650122	19.04349878	12772	12713	12713	10292	2421	0	13	39	2377	13	31	2369	0	0	8	0
574NM_Rep_BE4max_HEK_1_1	Reference	81.30993897	18.69006103	9833	9176	9176	7461	1715	0	46	160	1561	19	135	1509	0	27	25	0
574NM_Rep_BE4max_HEK_1_2	Reference	52.31874093	47.68125907	13534	13089	13089	6848	6241	0	94	272	5964	56	221	5875	0	38	51	0
574NM_Rep_BE4max_HEK_2_1	Reference	64.97299277	35.02700723	11439	10923	10923	7097	3826	0	53	316	3556	27	243	3457	0	26	73	0
574NM_Rep_BE4max_HEK_2_2	Reference	55.76810748	44.23189252	14352	13696	13696	7638	6058	0	77	325	5768	39	251	5658	0	36	72	2
574NM_Rep_BE4max_K562_1_1	Reference	77.45037603	22.54962397	16895	16222	16222	12564	3658	0	13	63	3598	7	53	3582	0	6	10	0
574NM_Rep_BE4max_K562_1_2	Reference	64.69339328	35.30660672	17091	16014	16014	10360	5654	0	15	105	5555	12	87	5534	0	3	18	0
574NM_Rep_BE4max_K562_2_1	Reference	58.02017049	41.97982951	17262	16658	16658	9665	6993	0	25	106	6884	13	96	6862	0	12	10	0
574NM_Rep_BE4max_K562_2_2	Reference	62.99928673	37.00071327	17292	16824	16824	10599	6225	0	20	96	6131	10	84	6109	0	10	12	0
575NM_End_BE4max_HEK_1_1	Reference	87.86392236	12.13607764	9457	9377	9377	8239	1138	0	1	7	1130	1	7	1130	0	0	0	0
575NM_End_BE4max_HEK_1_2	Reference	97.60874516	2.39125484	8838	8782	8782	8572	210	0	0	1	209	0	1	209	0	0	0	0
575NM_End_BE4max_HEK_2_1	Reference	87.53865182	12.46134818	9796	9702	9702	8493	1209	0	4	8	1202	2	5	1197	0	2	3	0
575NM_End_BE4max_HEK_2_2	Reference	90.10741139	9.89258861	9395	9310	9310	8389	921	0	0	5	919	0	2	916	0	0	3	0
575NM_End_BE4max_K562_1_1	Reference	97.41854061	2.58145939	8793	8716	8716	8491	225	0	0	1	224	0	1	224	0	0	0	0
575NM_End_BE4max_K562_1_2	Reference	96.83368515	3.16631485	9055	9001	9001	8716	285	0	0	1	284	0	1	284	0	0	0	0
575NM_End_BE4max_K562_2_1	Reference	97.18411552	2.81588448	1397	1385	1385	1346	39	0	0	0	39	0	0	39	0	0	0	0
575NM_Rep_BE4max_HEK_1_1	Reference	82.9740989	17.0259011	7587	5521	5521	4581	940	0	0	7	934	0	6	933	0	0	1	0
575NM_Rep_BE4max_HEK_1_2	Reference	98.25321776	1.74678224	11678	7614	7614	7481	133	0	0	2	132	0	1	131	0	0	1	0
575NM_Rep_BE4max_HEK_2_1	Reference	80.84677419	19.15322581	8031	5952	5952	4812	1140	0	1	3	1139	0	1	1136	0	1	2	0
575NM_Rep_BE4max_HEK_2_2	Reference	84.48991272	15.51008728	9634	6989	6989	5905	1084	0	1	6	1078	1	5	1077	0	0	1	0
575NM_Rep_BE4max_K562_1_1	Reference	94.02641585	5.97358415	13301	9994	9994	9397	597	0	0	10	588	0	9	587	0	0	1	0
575NM_Rep_BE4max_K562_1_2	Reference	91.65971643	8.34028357	15624	10791	10791	9891	900	0	0	8	893	0	7	892	0	0	1	0
575NM_Rep_BE4max_K562_2_1	Reference	93.48079162	6.51920838	12063	8590	8590	8030	560	0	2	2	556	2	2	556	0	0	0	0
576NM_End_BE4max_HEK_1_1	Reference	55.99156505	44.00843495	11121	10907	10907	6107	4800	0	13	99	4710	10	80	4688	0	3	19	0
576NM_End_BE4max_HEK_1_2	Reference	51.89546978	48.10453022	11931	11633	11633	6037	5596	0	19	117	5493	9	94	5460	0	10	23	0
576NM_End_BE4max_HEK_2_1	Reference	58.18655643	41.81344357	11325	11128	11128	6475	4653	0	5	119	4554	5	94	4529	0	0	25	0
576NM_End_BE4max_HEK_2_2	Reference	52.24204436	47.75795564	12879	12444	12444	6501	5943	0	14	133	5828	7	108	5798	0	5	23	2
576NM_End_BE4max_K562_1_1	Reference	91.6746979	8.3253021	13603	13489	13489	12366	1123	0	4	27	1096	3	24	1092	0	1	3	0
576NM_End_BE4max_K562_1_2	Reference	87.24371932	12.75628068	17898	13852	13852	12085	1767	0	1	43	1728	0	39	1723	0	1	4	0
576NM_End_BE4max_K562_2_1	Reference	91.02098897	8.97901103	14266	14055	14055	12793	1262	0	1	42	1220	1	41	1219	0	0	1	0
576NM_Rep_BE4max_HEK_1_1	Reference	47.32926364	52.67073636	7611	5242	5242	2481	2761	0	39	178	2602	26	133	2549	0	8	40	5
576NM_Rep_BE4max_HEK_1_2	Reference	37.57510214	62.42489786	13411	8322	8322	3127	5195	0	88	243	4963	51	181	4876	0	25	50	12
576NM_Rep_BE4max_HEK_2_1	Reference	52.99777942	47.00222058	7371	5404	5404	2864	2540	0	38	157	2403	21	116	2350	0	12	36	5
576NM_Rep_BE4max_HEK_2_2	Reference	40.82471305	59.17528695	11276	7057	7057	2881	4176	0	71	190	3984	48	144	3922	0	16	39	7
576NM_Rep_BE4max_K562_1_1	Reference	75.3706165	24.6293835	12644	9781	9781	7372	2409	0	8	93	2328	5	76	2310	0	1	15	2
576NM_Rep_BE4max_K562_1_2	Reference	63.21022727	36.78977273	15255	10560	10560	6675	3885	0	24	128	3790	4	91	3740	0	13	30	7
576NM_Rep_BE4max_K562_2_1	Reference	74.74501109	25.25498891	12339	9020	9020	6742	2278	0	14	83	2222	6	50	2186	0	3	28	5
577NM_End_BE4max_HEK_1_1	Reference	64.82078853	35.17921147	5752	5580	5580	3617	1963	0	4	30	1937	3	23	1930	0	0	6	1
577NM_End_BE4max_HEK_1_2	Reference	62.18846428	37.81153572	8744	8426	8426	5240	3186	0	7	43	3140	7	39	3136	0	0	4	0
577NM_End_BE4max_HEK_2_1	Reference	72.71017219	27.28982781	7087	6911	6911	5025	1886	0	4	33	1852	3	31	1849	0	1	2	0
577NM_End_BE4max_HEK_2_2	Reference	64.55306966	35.44693034	9675	9431	9431	6088	3343	0	13	48	3289	11	43	3282	0	2	5	0
577NM_End_BE4max_K562_1_1	Reference	92.43397573	7.56602427	5684	5604	5604	5180	424	0	0	2	422	0	2	422	0	0	0	0
577NM_End_BE4max_K562_1_2	Reference	90.68017811	9.31982189	6633	6513	6513	5906	607	0	0	4	604	0	3	603	0	0	1	0
577NM_End_BE4max_K562_2_1	Reference	92.66193568	7.33806432	6705	6623	6623	6137	486	0	0	1	485	0	1	485	0	0	0	0
577NM_Rep_BE4max_HEK_1_1	Reference	59.9488491	40.0511509	7014	1955	1955	1172	783	0	6	27	759	3	21	751	0	2	5	1
577NM_Rep_BE4max_HEK_1_2	Reference	51.2802276	48.7197724	11362	2812	2812	1442	1370	0	9	37	1333	7	30	1324	0	2	7	0
577NM_Rep_BE4max_HEK_2_1	Reference	66.6097561	33.3902439	10147	4100	4100	2731	1369	0	15	65	1299	13	57	1289	0	2	8	0
577NM_Rep_BE4max_HEK_2_2	Reference	51.39775479	48.60224521	12808	4543	4543	2335	2208	0	8	57	2155	5	48	2143	0	3	9	0
577NM_Rep_BE4max_K562_1_1	Reference	73.17829457	26.82170543	1849	645	645	472	173	0	0	2	171	0	2	171	0	0	0	0
577NM_Rep_BE4max_K562_1_2	Reference	61.16352201	38.83647799	1956	636	636	389	247	0	1	1	246	1	0	245	0	0	1	0
577NM_Rep_BE4max_K562_2_1	Reference	76.16922528	23.83077472	12431	5602	5602	4267	1335	0	2	4	1333	1	1	1330	0	0	2	1
578NM_End_BE4max_HEK_1_1	Reference	79.5999558	20.4000442	9137	9049	9049	7203	1846	0	68	617	1227	60	559	1161	0	8	58	0
578NM_End_BE4max_HEK_1_2	Reference	80.3041452	19.6958548	12336	12231	12231	9822	2409	0	79	692	1722	58	629	1639	0	20	62	1
578NM_End_BE4max_HEK_2_1	Reference	83.46755092	16.53244908	6420	6333	6333	5286	1047	0	27	333	733	22	292	687	0	5	41	0
578NM_End_BE4max_HEK_2_2	Reference	80.93670348	19.06329652	9473	9416	9416	7621	1795	0	62	490	1312	46	437	1244	0	15	52	1
578NM_End_BE4max_K562_1_1	Reference	96.41666667	3.58333333	1206	1200	1200	1157	43	0	0	5	38	0	5	38	0	0	0	0
578NM_End_BE4max_K562_1_2	Reference	94.7944053	5.2055947	9545	9509	9509	9014	495	0	14	67	421	11	63	414	0	3	4	0
578NM_End_BE4max_K562_2_1	Reference	95.04950495	4.95049505	6806	6767	6767	6432	335	0	0	36	304	0	31	299	0	0	5	0
578NM_Rep_BE4max_HEK_1_1	Reference	65.54893194	34.45106806	16477	16104	16104	10556	5548	0	143	1039	4547	96	905	4382	0	31	118	16
578NM_Rep_BE4max_HEK_1_2	Reference	60.80996101	39.19003899	16323	15902	15902	9670	6232	0	158	963	5320	95	817	5138	0	36	119	27
578NM_Rep_BE4max_HEK_2_1	Reference	72.90564089	27.09435911	15782	15494	15494	11296	4198	0	83	904	3360	56	782	3219	0	19	114	8
578NM_Rep_BE4max_HEK_2_2	Reference	63.5103227	36.4896773	16951	16517	16517	10490	6027	0	140	1002	5079	87	859	4908	2	30	120	21
578NM_Rep_BE4max_K562_1_1	Reference	80.55585135	19.44414865	19139	18782	18782	15130	3652	0	62	305	3353	33	264	3303	2	11	23	16
578NM_Rep_BE4max_K562_1_2	Reference	70.25252224	29.74747776	17046	16751	16751	11768	4983	0	63	416	4571	45	367	4514	0	8	39	10
578NM_Rep_BE4max_K562_2_1	Reference	79.6872662	20.3127338	27282	26732	26732	21302	5430	0	96	418	5013	51	366	4937	0	24	31	21
579NM_End_BE4max_HEK_1_1	Reference	60.69591118	39.30408882	14858	14772	14772	8966	5806	0	2	24	5783	2	21	5780	0	0	3	0
579NM_End_BE4max_HEK_1_2	Reference	54.23191145	45.76808855	14863	14816	14816	8035	6781	0	4	33	6748	2	31	6744	0	2	2	0
579NM_End_BE4max_HEK_2_1	Reference	69.88793964	30.11206036	9049	9013	9013	6299	2714	0	3	22	2695	3	16	2689	0	0	6	0
579NM_End_BE4max_HEK_2_2	Reference	57.76198934	42.23801066	8473	8445	8445	4878	3567	0	3	25	3543	3	21	3539	0	0	4	0
579NM_End_BE4max_K562_1_1	Reference	91.359174	8.640826	11875	11816	11816	10795	1021	0	0	7	1017	0	4	1014	0	0	3	0
579NM_End_BE4max_K562_1_2	Reference	88.17766166	11.82233834	10744	10717	10717	9450	1267	0	1	4	1265	1	1	1262	0	0	3	0
579NM_End_BE4max_K562_2_1	Reference	91.52559657	8.47440343	9847	9806	9806	8975	831	0	0	2	829	0	2	829	0	0	0	0
579NM_Rep_BE4max_HEK_1_1	Reference	55.46069588	44.53930412	12496	12416	12416	6886	5530	0	44	62	5453	26	51	5427	0	15	8	3
579NM_Rep_BE4max_HEK_1_2	Reference	50.12965844	49.87034156	13561	13497	13497	6766	6731	0	50	52	6650	39	42	6630	0	10	9	1
579NM_Rep_BE4max_HEK_2_1	Reference	66.50974672	33.49025328	15191	15082	15082	10031	5051	0	42	76	4966	24	61	4934	0	17	14	1
579NM_Rep_BE4max_HEK_2_2	Reference	48.50990066	51.49009934	15060	14999	14999	7276	7723	0	75	73	7630	39	54	7578	0	33	16	3
579NM_Rep_BE4max_K562_1_1	Reference	72.34620467	27.65379533	13698	13622	13622	9855	3767	0	16	13	3755	5	7	3742	0	7	2	4
579NM_Rep_BE4max_K562_1_2	Reference	63.85065227	36.14934773	11215	11115	11115	7097	4018	0	6	20	4004	3	11	3992	0	3	9	0
579NM_Rep_BE4max_K562_2_1	Reference	74.13073713	25.86926287	2171	2157	2157	1599	558	0	2	1	556	2	0	555	0	0	1	0
580NM_End_BE4max_HEK_1_1	Reference	90.57716837	9.42283163	12649	12544	12544	11362	1182	0	54	291	876	47	259	837	0	7	32	0
580NM_End_BE4max_HEK_1_2	Reference	89.8039759	10.1960241	14499	14437	14437	12965	1472	0	55	339	1116	49	305	1080	2	4	32	0
580NM_End_BE4max_HEK_2_1	Reference	91.01238787	8.98761213	11807	11705	11705	10653	1052	0	25	249	815	22	215	778	0	3	34	0
580NM_End_BE4max_HEK_2_2	Reference	89.89832492	10.10167508	13764	13671	13671	12290	1381	0	70	283	1053	62	266	1029	0	7	16	1
580NM_End_BE4max_K562_1_1	Reference	97.44332708	2.55667292	5933	5867	5867	5717	150	0	0	13	139	0	11	137	0	0	2	0
580NM_End_BE4max_K562_1_2	Reference	97.4025974	2.5974026	7527	7469	7469	7275	194	0	2	11	181	2	11	181	0	0	0	0
580NM_End_BE4max_K562_2_1	Reference	97.02747629	2.97252371	10328	10227	10227	9923	304	0	2	19	285	1	18	283	0	1	1	0
580NM_Rep_BE4max_HEK_1_1	Reference	83.61751152	16.38248848	17696	17360	17360	14516	2844	0	140	733	2071	117	656	1971	0	23	77	0
580NM_Rep_BE4max_HEK_1_2	Reference	81.312	18.688	19113	18750	18750	15246	3504	0	242	774	2611	200	693	2488	0	42	81	0
580NM_Rep_BE4max_HEK_2_1	Reference	85.70798134	14.29201866	16117	15862	15862	13595	2267	0	101	521	1695	89	483	1646	0	11	37	1
580NM_Rep_BE4max_HEK_2_2	Reference	82.67685675	17.32314325	15594	15309	15309	12657	2652	0	155	585	1998	131	523	1913	0	23	61	1
580NM_Rep_BE4max_K562_1_1	Reference	92.14266843	7.85733157	29498	18925	18925	17438	1487	0	52	204	1264	44	179	1234	0	5	22	3
580NM_Rep_BE4max_K562_1_2	Reference	90.12210575	9.87789425	29211	17362	17362	15647	1715	0	65	329	1357	61	296	1322	1	3	32	0
580NM_Rep_BE4max_K562_2_1	Reference	89.6344086	10.3655914	19010	18600	18600	16672	1928	0	48	271	1640	45	243	1609	0	3	28	0
581NM_End_BE4max_HEK_1_1	Reference	69.76303318	30.23696682	1117	1055	1055	736	319	0	2	16	304	1	14	301	0	1	2	0
581NM_End_BE4max_HEK_1_2	Reference	71.51114781	28.48885219	1235	1211	1211	866	345	0	2	7	336	2	7	336	0	0	0	0
581NM_End_BE4max_HEK_2_1	Reference	68.36499396	31.63500604	9498	9107	9107	6226	2881	0	17	66	2815	15	51	2799	0	1	14	1
581NM_End_BE4max_HEK_2_2	Reference	73.01020914	26.98979086	10324	10089	10089	7366	2723	0	17	59	2669	12	42	2647	0	5	17	0
581NM_End_BE4max_K562_1_1	Reference	91.71875	8.28125	6541	6400	6400	5870	530	0	1	6	524	0	6	523	0	1	0	0
581NM_End_BE4max_K562_1_2	Reference	89.0	11.0	5204	5100	5100	4539	561	0	3	4	559	0	2	555	0	2	1	1
581NM_End_BE4max_K562_2_1	Reference	91.27134725	8.72865275	10221	10013	10013	9139	874	0	2	20	858	1	15	852	0	1	5	0
581NM_End_BE4max_K562_2_2	Reference	89.46335079	10.53664921	10886	10696	10696	9569	1127	0	5	16	1113	4	10	1107	0	0	5	1
581NM_Rep_BE4max_HEK_1_1	Reference	46.54798089	53.45201911	9542	9212	9212	4288	4924	0	89	146	4813	36	75	4697	0	45	63	8
581NM_Rep_BE4max_HEK_1_2	Reference	44.41794209	55.58205791	15690	15093	15093	6704	8389	0	121	179	8224	71	94	8097	0	42	77	8
581NM_Rep_BE4max_HEK_2_1	Reference	46.98782536	53.01217464	10122	9528	9528	4477	5051	0	87	145	4950	47	54	4826	0	33	84	7
581NM_Rep_BE4max_HEK_2_2	Reference	51.57046781	48.42953219	14110	13531	13531	6978	6553	0	93	151	6440	41	72	6315	0	46	73	6
581NM_Rep_BE4max_K562_1_1	Reference	69.57025815	30.42974185	13326	12938	12938	9001	3937	0	31	47	3907	14	16	3861	0	15	29	2
581NM_Rep_BE4max_K562_1_2	Reference	58.75288684	41.24711316	15546	15155	15155	8904	6251	0	40	55	6204	24	23	6156	0	16	32	0
581NM_Rep_BE4max_K562_2_1	Reference	66.42537056	33.57462944	11910	11604	11604	7708	3896	0	24	46	3866	15	15	3827	0	8	30	1
581NM_Rep_BE4max_K562_2_2	Reference	61.35920875	38.64079125	13679	13346	13346	8189	5157	0	37	41	5130	17	10	5080	0	19	30	1
582NM_End_BE4max_HEK_1_1	Reference	81.78306092	18.21693908	10222	10095	10095	8256	1839	0	4	38	1803	4	32	1797	0	0	6	0
582NM_End_BE4max_HEK_1_2	Reference	77.82489869	22.17510131	10714	10611	10611	8258	2353	0	6	44	2307	6	40	2303	0	0	4	0
582NM_End_BE4max_HEK_2_1	Reference	81.11980068	18.88019932	14647	14449	14449	11721	2728	0	3	44	2688	3	37	2681	0	0	7	0
582NM_End_BE4max_HEK_2_2	Reference	79.1603549	20.8396451	14023	13863	13863	10974	2889	0	3	73	2824	2	63	2813	0	1	10	0
582NM_End_BE4max_K562_1_1	Reference	0.09017133	99.90982867	6718	6654	6654	6	6648	0	0	4	6648	0	0	6644	0	0	4	0
582NM_End_BE4max_K562_1_2	Reference	0.12204424	99.87795576	6606	6555	6555	8	6547	0	0	1	6547	0	0	6546	0	0	1	0
582NM_End_BE4max_K562_2_1	Reference	0.13421532	99.86578468	10549	10431	10431	14	10417	0	0	0	10417	0	0	10417	0	0	0	0
582NM_End_BE4max_K562_2_2	Reference	0.15464914	99.84535086	10454	10346	10346	16	10330	0	0	4	10330	0	0	10326	0	0	4	0
582NM_Rep_BE4max_HEK_1_1	Reference	59.21985816	40.78014184	8569	8460	8460	5010	3450	0	26	28	3412	16	22	3396	0	10	6	0
582NM_Rep_BE4max_HEK_1_2	Reference	53.47520165	46.52479835	11752	11654	11654	6232	5422	0	44	55	5343	33	46	5324	0	10	8	1
582NM_Rep_BE4max_HEK_2_1	Reference	60.10600347	39.89399653	9972	9811	9811	5897	3914	0	32	48	3848	24	42	3835	0	7	5	1
582NM_Rep_BE4max_HEK_2_2	Reference	57.01901813	42.98098187	11489	11305	11305	6446	4859	0	29	38	4805	21	33	4792	0	8	5	0
582NM_Rep_BE4max_K562_1_1	Reference	82.29933726	17.70066274	11004	10864	10864	8941	1923	0	7	14	1909	6	8	1903	0	0	5	1
582NM_Rep_BE4max_K562_1_2	Reference	75.13254661	24.86745339	11755	11694	11694	8786	2908	0	9	22	2886	3	19	2877	0	6	3	0
582NM_Rep_BE4max_K562_2_1	Reference	82.9060825	17.0939175	16500	8582	8582	7115	1467	0	13	10	1452	8	7	1444	0	5	3	0
582NM_Rep_BE4max_K562_2_2	Reference	83.50235233	16.49764767	18710	9565	9565	7987	1578	0	6	14	1560	5	13	1558	0	1	1	0
569NM_Rep_BE4maxCtrl_HEK_1_1	Reference	97.45079058	2.54920942	9449	9297	9297	9060	237	0	0	7	230	0	7	230	0	0	0	0
582NM_Rep_BE4maxCtrl_HEK_1_1	Reference	95.77282995	4.22717005	9449	9297	9297	8904	393	0	1	8	384	1	8	384	0	0	0	0
569NM_Rep_BE4maxCtrl_HEK_1_2	Reference	96.77910221	3.22089779	8064	7886	7886	7632	254	0	0	1	253	0	1	253	0	0	0	0
582NM_Rep_BE4maxCtrl_HEK_1_2	Reference	96.57621101	3.42378899	8064	7886	7886	7616	270	0	4	4	262	4	4	262	0	0	0	0
569NM_Rep_BE4maxCtrl_K562_1_1	Reference	97.31891702	2.68108298	12599	11376	11376	11071	305	0	0	2	303	0	2	303	0	0	0	0
582NM_Rep_BE4maxCtrl_K562_1_1	Reference	96.53656821	3.46343179	12599	11376	11376	10982	394	0	0	7	388	0	6	387	0	0	1	0
569NM_Rep_BE4maxCtrl_K562_1_2	Reference	96.75162765	3.24837235	14868	14438	14438	13969	469	0	0	4	465	0	4	465	0	0	0	0
582NM_Rep_BE4maxCtrl_K562_1_2	Reference	97.09100984	2.90899016	14868	14438	14438	14018	420	0	4	9	411	3	6	407	0	1	3	0
563NM_Rep_BE4maxCtrl_HEK_1_1	Reference	97.42483296	2.57516704	7246	7184	7184	6999	185	0	0	4	181	0	4	181	0	0	0	0
566NM_Rep_BE4maxCtrl_HEK_1_1	Reference	96.82628062	3.17371938	7246	7184	7184	6956	228	0	1	15	212	1	15	212	0	0	0	0
563NM_Rep_BE4maxCtrl_HEK_1_2	Reference	97.64961485	2.35038515	5116	5063	5063	4944	119	0	0	4	115	0	4	115	0	0	0	0
566NM_Rep_BE4maxCtrl_HEK_1_2	Reference	97.55085917	2.44914083	5116	5063	5063	4939	124	0	0	7	118	0	6	117	0	0	1	0
563NM_Rep_BE4maxCtrl_K562_1_1	Reference	97.63033175	2.36966825	13241	12660	12660	12360	300	0	0	4	296	0	4	296	0	0	0	0
566NM_Rep_BE4maxCtrl_K562_1_1	Reference	96.84044234	3.15955766	13241	12660	12660	12260	400	0	1	36	365	1	34	363	0	0	2	0
563NM_Rep_BE4maxCtrl_K562_1_2	Reference	97.89771222	2.10228778	11417	11321	11321	11083	238	0	0	4	234	0	4	234	0	0	0	0
566NM_Rep_BE4maxCtrl_K562_1_2	Reference	97.05856373	2.94143627	11417	11321	11321	10988	333	0	5	26	304	4	25	302	0	1	1	0
567NM_Rep_BE4maxCtrl_HEK_1_1	Reference	97.10288298	2.89711702	7145	7076	7076	6871	205	0	0	0	205	0	0	205	0	0	0	0
568NM_Rep_BE4maxCtrl_HEK_1_1	Reference	96.93329565	3.06670435	7145	7076	7076	6859	217	0	0	5	212	0	5	212	0	0	0	0
567NM_Rep_BE4maxCtrl_HEK_1_2	Reference	96.63686675	3.36313325	4750	4698	4698	4540	158	0	0	2	156	0	2	156	0	0	0	0
568NM_Rep_BE4maxCtrl_HEK_1_2	Reference	97.19029374	2.80970626	4750	4698	4698	4566	132	0	0	1	131	0	1	131	0	0	0	0
567NM_Rep_BE4maxCtrl_K562_1_1	Reference	97.22405453	2.77594547	18400	18192	18192	17687	505	0	0	12	494	0	11	493	0	0	1	0
568NM_Rep_BE4maxCtrl_K562_1_1	Reference	96.7348285	3.2651715	18400	18192	18192	17598	594	0	0	7	587	0	7	587	0	0	0	0
567NM_Rep_BE4maxCtrl_K562_1_2	Reference	96.81485395	3.18514605	13415	13249	13249	12827	422	0	0	3	419	0	3	419	0	0	0	0
568NM_Rep_BE4maxCtrl_K562_1_2	Reference	97.27526606	2.72473394	13415	13249	13249	12888	361	0	0	5	356	0	5	356	0	0	0	0
578NM_Rep_BE4maxCtrl_HEK_1_1	Reference	96.65427509	3.34572491	10368	10222	10222	9880	342	0	2	5	336	2	4	335	0	0	1	0
580NM_Rep_BE4maxCtrl_HEK_1_1	Reference	97.56407748	2.43592252	10368	10222	10222	9973	249	0	0	9	241	0	8	240	0	0	1	0
578NM_Rep_BE4maxCtrl_HEK_1_2	Reference	97.49562655	2.50437345	11001	10861	10861	10589	272	0	1	3	268	1	3	268	0	0	0	0
580NM_Rep_BE4maxCtrl_HEK_1_2	Reference	97.86391677	2.13608323	11001	10861	10861	10629	232	0	0	3	229	0	3	229	0	0	0	0
578NM_Rep_BE4maxCtrl_K562_1_1	Reference	96.87772625	3.12227375	22270	21779	21779	21099	680	0	5	26	650	5	25	649	0	0	1	0
580NM_Rep_BE4maxCtrl_K562_1_1	Reference	97.26801047	2.73198953	22270	21779	21779	21184	595	0	0	12	583	0	12	583	0	0	0	0
578NM_Rep_BE4maxCtrl_K562_1_2	Reference	97.53916824	2.46083176	24731	24382	24382	23782	600	0	1	12	587	1	12	587	0	0	0	0
580NM_Rep_BE4maxCtrl_K562_1_2	Reference	97.99032073	2.00967927	24731	24382	24382	23892	490	0	0	10	480	0	10	480	0	0	0	0
565NM_Rep_BE4maxCtrl_HEK_1_1	Reference	96.41354071	3.58645929	7081	5465	5465	5269	196	0	0	2	194	0	2	194	0	0	0	0
575NM_Rep_BE4maxCtrl_HEK_1_1	Reference	97.82250686	2.17749314	7081	5465	5465	5346	119	0	0	0	119	0	0	119	0	0	0	0
576NM_Rep_BE4maxCtrl_HEK_1_1	Reference	96.81610247	3.18389753	7081	5465	5465	5291	174	0	2	11	164	1	9	161	0	1	2	0
565NM_Rep_BE4maxCtrl_HEK_1_2	Reference	94.96092697	5.03907303	6137	3711	3711	3524	187	0	0	3	184	0	3	184	0	0	0	0
575NM_Rep_BE4maxCtrl_HEK_1_2	Reference	97.790353	2.209647	6137	3711	3711	3629	82	0	0	0	82	0	0	82	0	0	0	0
576NM_Rep_BE4maxCtrl_HEK_1_2	Reference	96.63163568	3.36836432	6137	3711	3711	3586	125	0	0	3	122	0	3	122	0	0	0	0
565NM_Rep_BE4maxCtrl_K562_1_1	Reference	96.60846512	3.39153488	16405	10939	10939	10568	371	0	0	3	368	0	3	368	0	0	0	0
575NM_Rep_BE4maxCtrl_K562_1_1	Reference	97.55005028	2.44994972	16405	10939	10939	10671	268	0	0	7	261	0	7	261	0	0	0	0
576NM_Rep_BE4maxCtrl_K562_1_1	Reference	96.49876588	3.50123412	16405	10939	10939	10556	383	0	0	20	366	0	17	363	0	0	3	0
565NM_Rep_BE4maxCtrl_K562_1_2	Reference	95.65175002	4.34824998	15059	10257	10257	9811	446	0	0	2	445	0	1	444	0	0	1	0
575NM_Rep_BE4maxCtrl_K562_1_2	Reference	97.59188847	2.40811153	15059	10257	10257	10010	247	0	0	2	245	0	2	245	0	0	0	0
576NM_Rep_BE4maxCtrl_K562_1_2	Reference	96.99717266	3.00282734	15059	10257	10257	9949	308	0	1	11	296	1	11	296	0	0	0	0
571NM_Rep_BE4maxCtrl_HEK_1_1	Reference	96.18111137	3.81888863	8792	8746	8746	8412	334	0	0	1	333	0	1	333	0	0	0	0
572NM_Rep_BE4maxCtrl_HEK_1_1	Reference	97.63320375	2.36679625	8792	8746	8746	8539	207	0	1	0	206	1	0	206	0	0	0	0
579NM_Rep_BE4maxCtrl_HEK_1_1	Reference	96.55842671	3.44157329	8792	8746	8746	8445	301	0	0	4	297	0	4	297	0	0	0	0
571NM_Rep_BE4maxCtrl_HEK_1_2	Reference	94.14179694	5.85820306	6387	6333	6333	5962	371	0	0	2	370	0	1	369	0	0	1	0
572NM_Rep_BE4maxCtrl_HEK_1_2	Reference	98.0104216	1.9895784	6387	6333	6333	6207	126	0	0	0	126	0	0	126	0	0	0	0
579NM_Rep_BE4maxCtrl_HEK_1_2	Reference	97.39459972	2.60540028	6387	6333	6333	6168	165	0	0	0	165	0	0	165	0	0	0	0
571NM_Rep_BE4maxCtrl_K562_1_1	Reference	96.15879828	3.84120172	23454	23300	23300	22405	895	0	0	8	887	0	8	887	0	0	0	0
572NM_Rep_BE4maxCtrl_K562_1_1	Reference	97.51502146	2.48497854	23454	23300	23300	22721	579	0	0	3	576	0	3	576	0	0	0	0
579NM_Rep_BE4maxCtrl_K562_1_1	Reference	96.61802575	3.38197425	23454	23300	23300	22512	788	0	0	0	788	0	0	788	0	0	0	0
571NM_Rep_BE4maxCtrl_K562_1_2	Reference	93.82559552	6.17440448	19076	18933	18933	17764	1169	0	0	4	1165	0	4	1165	0	0	0	0
572NM_Rep_BE4maxCtrl_K562_1_2	Reference	98.16731805	1.83268195	19076	18934	18934	18587	347	0	0	1	346	0	1	346	0	0	0	0
579NM_Rep_BE4maxCtrl_K562_1_2	Reference	97.53353755	2.46646245	19076	18934	18934	18467	467	0	0	1	466	0	1	466	0	0	0	0
570NM_Rep_BE4maxCtrl_HEK_1_1	Reference	96.89515166	3.10484834	7678	4187	4187	4057	130	0	0	0	130	0	0	130	0	0	0	0
573NM_Rep_BE4maxCtrl_HEK_1_1	Reference	96.75185097	3.24814903	7678	4187	4187	4051	136	0	0	2	134	0	2	134	0	0	0	0
577NM_Rep_BE4maxCtrl_HEK_1_1	Reference	96.58466683	3.41533317	7678	4187	4187	4044	143	0	0	0	143	0	0	143	0	0	0	0
570NM_Rep_BE4maxCtrl_HEK_1_2	Reference	95.77932868	4.22067132	7192	3009	3009	2882	127	0	0	0	127	0	0	127	0	0	0	0
573NM_Rep_BE4maxCtrl_HEK_1_2	Reference	97.57394483	2.42605517	7192	3009	3009	2936	73	0	0	0	73	0	0	73	0	0	0	0
577NM_Rep_BE4maxCtrl_HEK_1_2	Reference	96.70987039	3.29012961	7192	3009	3009	2910	99	0	0	1	98	0	1	98	0	0	0	0
570NM_Rep_BE4maxCtrl_K562_1_1	Reference	96.9275084	3.0724916	5946	4166	4166	4038	128	0	0	1	127	0	1	127	0	0	0	0
573NM_Rep_BE4maxCtrl_K562_1_1	Reference	96.71147384	3.28852616	5946	4166	4166	4029	137	0	0	2	135	0	2	135	0	0	0	0
577NM_Rep_BE4maxCtrl_K562_1_1	Reference	96.35141623	3.64858377	5946	4166	4166	4014	152	0	0	1	151	0	1	151	0	0	0	0
570NM_Rep_BE4maxCtrl_K562_1_2	Reference	96.60726525	3.39273475	5530	2918	2918	2819	99	0	0	0	99	0	0	99	0	0	0	0
573NM_Rep_BE4maxCtrl_K562_1_2	Reference	97.90952707	2.09047293	5530	2918	2918	2857	61	0	0	0	61	0	0	61	0	0	0	0
577NM_Rep_BE4maxCtrl_K562_1_2	Reference	97.36120631	2.63879369	5530	2918	2918	2841	77	0	0	1	77	0	0	76	0	0	1	0
564NM_Rep_BE4maxCtrl_HEK_1_1	Reference	96.71966527	3.28033473	12154	11950	11950	11558	392	0	0	0	392	0	0	392	0	0	0	0
574NM_Rep_BE4maxCtrl_HEK_1_1	Reference	97.19665272	2.80334728	12154	11950	11950	11615	335	0	0	7	328	0	7	328	0	0	0	0
581NM_Rep_BE4maxCtrl_HEK_1_1	Reference	95.69874477	4.30125523	12154	11950	11950	11436	514	0	0	4	510	0	4	510	0	0	0	0
564NM_Rep_BE4maxCtrl_HEK_1_2	Reference	96.06047132	3.93952868	11457	11245	11245	10802	443	0	0	1	442	0	1	442	0	0	0	0
574NM_Rep_BE4maxCtrl_HEK_1_2	Reference	97.59004002	2.40995998	11457	11245	11245	10974	271	0	0	4	267	0	4	267	0	0	0	0
581NM_Rep_BE4maxCtrl_HEK_1_2	Reference	96.55847043	3.44152957	11457	11245	11245	10858	387	0	0	0	387	0	0	387	0	0	0	0
564NM_Rep_BE4maxCtrl_K562_1_1	Reference	96.84998709	3.15001291	11699	11619	11619	11253	366	0	0	5	361	0	5	361	0	0	0	0
574NM_Rep_BE4maxCtrl_K562_1_1	Reference	97.54712109	2.45287891	11699	11619	11619	11334	285	0	0	1	284	0	1	284	0	0	0	0
581NM_Rep_BE4maxCtrl_K562_1_1	Reference	96.51432998	3.48567002	11699	11619	11619	11214	405	0	0	0	405	0	0	405	0	0	0	0
564NM_Rep_BE4maxCtrl_K562_1_2	Reference	96.56722966	3.43277034	9271	9118	9118	8805	313	0	0	2	311	0	2	311	0	0	0	0
574NM_Rep_BE4maxCtrl_K562_1_2	Reference	97.71879798	2.28120202	9271	9118	9118	8910	208	0	0	3	205	0	3	205	0	0	0	0
581NM_Rep_BE4maxCtrl_K562_1_2	Reference	96.70980478	3.29019522	9271	9118	9118	8818	300	0	0	1	299	0	1	299	0	0	0	0
563NM_End_BE4maxCtrl_HEK_1_1	Reference	96.68693009	3.31306991	10207	9870	9870	9543	327	0	0	6	322	0	5	321	0	0	1	0
563NM_End_BE4maxCtrl_HEK_1_2	Reference	96.85837345	3.14162655	8257	7894	7894	7646	248	0	0	2	246	0	2	246	0	0	0	0
563NM_End_BE4maxCtrl_K562_1_1	Reference	97.56367663	2.43632337	4900	4515	4515	4405	110	0	0	2	108	0	2	108	0	0	0	0
563NM_End_BE4maxCtrl_K562_1_2	Reference	97.75652814	2.24347186	2920	2719	2719	2658	61	0	0	0	61	0	0	61	0	0	0	0
564NM_End_BE4maxCtrl_HEK_1_1	Reference	96.48432983	3.51567017	17665	17294	17294	16686	608	0	0	1	607	0	1	607	0	0	0	0
564NM_End_BE4maxCtrl_HEK_1_2	Reference	96.53427967	3.46572033	13955	13244	13244	12785	459	0	25	3	432	25	2	431	0	0	1	0
564NM_End_BE4maxCtrl_K562_1_1	Reference	33.57657225	66.42342775	10847	10415	10415	3497	6918	0	0	3	6916	0	2	6915	0	0	1	0
564NM_End_BE4maxCtrl_K562_1_2	Reference	32.75637446	67.24362554	5634	5373	5373	1760	3613	0	5	8	3602	5	6	3600	0	0	2	0
565NM_End_BE4maxCtrl_HEK_1_1	Reference	97.70687088	2.29312912	23602	23505	23505	22966	539	0	0	2	537	0	2	537	0	0	0	0
565NM_End_BE4maxCtrl_HEK_1_2	Reference	96.49243466	3.50756534	20447	20356	20356	19642	714	0	0	5	709	0	5	709	0	0	0	0
565NM_End_BE4maxCtrl_K562_1_1	Reference	97.1086262	2.8913738	12565	12520	12520	12158	362	0	0	0	362	0	0	362	0	0	0	0
565NM_End_BE4maxCtrl_K562_1_2	Reference	97.02111126	2.97888874	7783	7721	7721	7491	230	0	0	2	228	0	2	228	0	0	0	0
566NM_End_BE4maxCtrl_HEK_1_1	Reference	96.57362085	3.42637915	7737	7559	7559	7300	259	0	1	25	235	1	23	233	0	0	2	0
566NM_End_BE4maxCtrl_HEK_1_2	Reference	97.15611134	2.84388866	5176	4958	4958	4817	141	0	1	13	127	1	13	127	0	0	0	0
566NM_End_BE4maxCtrl_K562_1_1	Reference	97.20670391	2.79329609	8761	8413	8413	8178	235	0	0	17	218	0	17	218	0	0	0	0
566NM_End_BE4maxCtrl_K562_1_2	Reference	96.64948454	3.35051546	4428	4268	4268	4125	143	0	3	15	126	3	14	125	0	0	1	0
567NM_End_BE4maxCtrl_HEK_1_1	Reference	0.28210639	99.71789361	7613	7444	7444	21	7423	0	0	1	7423	0	0	7422	0	0	1	0
567NM_End_BE4maxCtrl_HEK_1_2	Reference	0.15531396	99.84468604	4582	4507	4507	7	4500	0	0	1	4500	0	0	4499	0	0	1	0
567NM_End_BE4maxCtrl_K562_1_1	Reference	0.24268744	99.75731256	7993	7829	7829	19	7810	0	0	2	7810	0	0	7808	0	0	2	0
567NM_End_BE4maxCtrl_K562_1_2	Reference	0.13805798	99.86194202	4425	4346	4346	6	4340	0	0	2	4340	0	0	4338	0	0	2	0
568NM_End_BE4maxCtrl_HEK_1_1	Reference	91.84358882	8.15641118	8375	8337	8337	7657	680	0	1	7	674	1	5	672	0	0	2	0
568NM_End_BE4maxCtrl_HEK_1_2	Reference	92.91011033	7.08988967	5549	5529	5529	5137	392	0	0	3	389	0	3	389	0	0	0	0
568NM_End_BE4maxCtrl_K562_1_1	Reference	92.37504156	7.62495844	9055	9023	9023	8335	688	0	0	3	685	0	3	685	0	0	0	0
568NM_End_BE4maxCtrl_K562_1_2	Reference	93.26290267	6.73709733	5796	5774	5774	5385	389	0	0	2	387	0	2	387	0	0	0	0
569NM_End_BE4maxCtrl_HEK_1_1	Reference	97.24791338	2.75208662	8888	8866	8866	8622	244	0	0	2	242	0	2	242	0	0	0	0
569NM_End_BE4maxCtrl_HEK_1_2	Reference	96.82496236	3.17503764	7332	7307	7307	7075	232	0	0	3	229	0	3	229	0	0	0	0
569NM_End_BE4maxCtrl_K562_1_1	Reference	97.68614654	2.31385346	10128	10113	10113	9879	234	0	0	2	232	0	2	232	0	0	0	0
569NM_End_BE4maxCtrl_K562_1_2	Reference	97.61644169	2.38355831	8252	8223	8223	8027	196	0	0	3	193	0	3	193	0	0	0	0
570NM_End_BE4maxCtrl_HEK_1_1	Reference	96.52327637	3.47672363	12653	11879	11879	11466	413	0	0	0	413	0	0	413	0	0	0	0
570NM_End_BE4maxCtrl_HEK_1_2	Reference	96.40738299	3.59261701	10221	9102	9102	8775	327	0	0	0	327	0	0	327	0	0	0	0
570NM_End_BE4maxCtrl_K562_1_1	Reference	96.83685523	3.16314477	8114	7619	7619	7378	241	0	0	1	240	0	1	240	0	0	0	0
570NM_End_BE4maxCtrl_K562_1_2	Reference	96.84017492	3.15982508	7448	7089	7089	6865	224	0	0	0	224	0	0	224	0	0	0	0
571NM_End_BE4maxCtrl_HEK_1_1	Reference	96.97747926	3.02252074	5133	5062	5062	4909	153	0	0	1	152	0	1	152	0	0	0	0
571NM_End_BE4maxCtrl_HEK_1_2	Reference	98.01773605	1.98226395	5805	5751	5751	5637	114	0	0	1	113	0	1	113	0	0	0	0
571NM_End_BE4maxCtrl_K562_1_1	Reference	95.84052468	4.15947532	6576	5794	5794	5553	241	0	0	1	240	0	1	240	0	0	0	0
571NM_End_BE4maxCtrl_K562_1_2	Reference	97.27599558	2.72400442	14389	7232	7232	7035	197	0	1	4	193	0	4	192	0	1	0	0
572NM_End_BE4maxCtrl_HEK_1_1	Reference	96.62487946	3.37512054	7283	7259	7259	7014	245	0	0	2	244	0	1	243	0	0	1	0
572NM_End_BE4maxCtrl_HEK_1_2	Reference	98.33303619	1.66696381	11303	11218	11218	11031	187	0	0	2	185	0	2	185	0	0	0	0
572NM_End_BE4maxCtrl_K562_1_1	Reference	97.00475879	2.99524121	10935	10717	10717	10396	321	0	0	3	318	0	3	318	0	0	0	0
572NM_End_BE4maxCtrl_K562_1_2	Reference	98.0226206	1.9773794	13060	12997	12997	12740	257	0	0	3	254	0	3	254	0	0	0	0
573NM_End_BE4maxCtrl_HEK_1_1	Reference	96.6067389	3.3932611	16927	16798	16798	16228	570	0	0	2	568	0	2	568	0	0	0	0
573NM_End_BE4maxCtrl_HEK_1_2	Reference	96.82490561	3.17509439	16309	16157	16157	15644	513	0	0	4	509	0	4	509	0	0	0	0
573NM_End_BE4maxCtrl_K562_1_1	Reference	96.08067188	3.91932812	17546	17503	17503	16817	686	0	0	2	684	0	2	684	0	0	0	0
573NM_End_BE4maxCtrl_K562_1_2	Reference	96.38276678	3.61723322	16106	16062	16062	15481	581	0	0	4	577	0	4	577	0	0	0	0
574NM_End_BE4maxCtrl_HEK_1_1	Reference	96.95531831	3.04468169	12721	12645	12645	12260	385	0	0	8	377	0	8	377	0	0	0	0
574NM_End_BE4maxCtrl_HEK_1_2	Reference	97.37194682	2.62805318	9768	9703	9703	9448	255	0	0	5	250	0	5	250	0	0	0	0
574NM_End_BE4maxCtrl_K562_1_1	Reference	96.26244613	3.73755387	13515	13458	13458	12955	503	0	0	5	499	0	4	498	0	0	1	0
574NM_End_BE4maxCtrl_K562_1_2	Reference	96.96129957	3.03870043	10528	10465	10465	10147	318	0	0	5	313	0	5	313	0	0	0	0
575NM_End_BE4maxCtrl_HEK_1_1	Reference	97.73963609	2.26036391	10735	10662	10662	10421	241	0	0	2	239	0	2	239	0	0	0	0
575NM_End_BE4maxCtrl_HEK_1_2	Reference	97.60522496	2.39477504	6940	6890	6890	6725	165	0	0	0	165	0	0	165	0	0	0	0
575NM_End_BE4maxCtrl_K562_1_1	Reference	98.07811531	1.92188469	1628	1613	1613	1582	31	0	0	0	31	0	0	31	0	0	0	0
575NM_End_BE4maxCtrl_K562_1_2	Reference	97.90781978	2.09218022	9718	9655	9655	9453	202	0	0	4	198	0	4	198	0	0	0	0
576NM_End_BE4maxCtrl_HEK_1_1	Reference	97.08632739	2.91367261	10331	10159	10159	9863	296	0	0	13	283	0	13	283	0	0	0	0
576NM_End_BE4maxCtrl_HEK_1_2	Reference	96.83580388	3.16419612	3634	3508	3508	3397	111	0	0	11	100	0	11	100	0	0	0	0
576NM_End_BE4maxCtrl_K562_1_1	Reference	97.00009646	2.99990354	11911	10367	10367	10056	311	0	0	19	292	0	19	292	0	0	0	0
576NM_End_BE4maxCtrl_K562_1_2	Reference	98.00754617	1.99245383	15355	15107	15107	14806	301	0	0	13	288	0	13	288	0	0	0	0
577NM_End_BE4maxCtrl_HEK_1_1	Reference	97.27251625	2.72748375	8971	8616	8616	8381	235	0	0	2	234	0	1	233	0	0	1	0
577NM_End_BE4maxCtrl_HEK_1_2	Reference	97.94653235	2.05346765	2681	2581	2581	2528	53	0	0	0	53	0	0	53	0	0	0	0
577NM_End_BE4maxCtrl_K562_1_1	Reference	97.08333333	2.91666667	3284	2880	2880	2796	84	0	0	0	84	0	0	84	0	0	0	0
577NM_End_BE4maxCtrl_K562_1_2	Reference	97.74493083	2.25506917	5369	5277	5277	5158	119	0	0	3	116	0	3	116	0	0	0	0
578NM_End_BE4maxCtrl_HEK_1_1	Reference	96.75791598	3.24208402	7960	7927	7927	7670	257	0	0	5	252	0	5	252	0	0	0	0
578NM_End_BE4maxCtrl_HEK_1_2	Reference	97.38372093	2.61627907	4500	4472	4472	4355	117	0	0	0	117	0	0	117	0	0	0	0
578NM_End_BE4maxCtrl_K562_1_1	Reference	96.58322057	3.41677943	8923	8868	8868	8565	303	0	1	8	297	0	6	294	0	1	2	0
578NM_End_BE4maxCtrl_K562_1_2	Reference	97.14939293	2.85060707	5720	5683	5683	5521	162	0	0	8	156	0	6	154	0	0	2	0
579NM_End_BE4maxCtrl_HEK_1_1	Reference	96.90721649	3.09278351	7888	7857	7857	7614	243	0	0	6	237	0	6	237	0	0	0	0
579NM_End_BE4maxCtrl_HEK_1_2	Reference	96.84248951	3.15751049	5493	5479	5479	5306	173	0	1	2	172	0	1	171	0	0	0	1
579NM_End_BE4maxCtrl_K562_1_1	Reference	96.32129348	3.67870652	13518	13483	13483	12987	496	0	0	2	494	0	2	494	0	0	0	0
579NM_End_BE4maxCtrl_K562_1_2	Reference	96.70077898	3.29922102	13126	13094	13094	12662	432	0	0	4	428	0	4	428	0	0	0	0
580NM_End_BE4maxCtrl_HEK_1_1	Reference	97.10639042	2.89360958	11503	11439	11439	11108	331	0	0	8	324	0	7	323	0	0	1	0
580NM_End_BE4maxCtrl_HEK_1_2	Reference	97.25667042	2.74332958	10832	10644	10644	10352	292	0	1	1	290	1	1	290	0	0	0	0
580NM_End_BE4maxCtrl_K562_1_1	Reference	96.99372316	3.00627684	12288	12108	12108	11744	364	0	0	9	355	0	9	355	0	0	0	0
580NM_End_BE4maxCtrl_K562_1_2	Reference	97.46340716	2.53659284	13219	13049	13049	12718	331	0	0	4	328	0	3	327	0	0	1	0
581NM_End_BE4maxCtrl_HEK_1_1	Reference	95.59803922	4.40196078	10323	10200	10200	9751	449	0	6	1	449	0	0	443	0	5	0	1
581NM_End_BE4maxCtrl_HEK_1_2	Reference	95.90865842	4.09134158	10662	10510	10510	10080	430	0	2	3	429	0	1	425	0	2	2	0
581NM_End_BE4maxCtrl_K562_1_1	Reference	95.9228703	4.0771297	10478	10424	10424	9999	425	0	1	3	424	0	1	422	0	0	1	1
581NM_End_BE4maxCtrl_K562_1_2	Reference	95.66839129	4.33160871	8452	8311	8311	7951	360	0	0	3	360	0	0	357	0	0	3	0
582NM_End_BE4maxCtrl_HEK_1_1	Reference	96.345097	3.654903	15287	15103	15103	14551	552	0	0	3	549	0	3	549	0	0	0	0
582NM_End_BE4maxCtrl_HEK_1_2	Reference	96.9273743	3.0726257	12769	12530	12530	12145	385	0	0	5	380	0	5	380	0	0	0	0
582NM_End_BE4maxCtrl_K562_1_1	Reference	0.15333147	99.84666853	14475	14348	14348	22	14326	0	0	4	14326	0	0	14322	0	0	4	0
582NM_End_BE4maxCtrl_K562_1_2	Reference	0.12403101	99.87596899	13134	12900	12900	16	12884	0	0	4	12884	0	0	12880	0	0	4	0
