Batch	Amplicon	Unmodified%	Modified%	Reads_in_input	Reads_aligned_all_amplicons	Reads_aligned	Unmodified	Modified	Discarded	Insertions	Deletions	Substitutions	Only Insertions	Only Deletions	Only Substitutions	Insertions and Deletions	Insertions and Substitutions	Deletions and Substitutions	Insertions Deletions and Substitutions
10_TD_PE2_1_1	Reference	97.30681907	2.69318093	12822	12783	12773	12429	344	0	4	6	338	3	3	335	0	0	2	1
10_TD_PE2_1_1	HDR	50	50	12822	12783	10	5	5	0	4	1	4	0	1	0	0	4	0	0
10_TD_PE2_1_2	Reference	97.49744944	2.50255056	16723	16664	16663	16246	417	0	1	10	410	1	6	406	0	0	4	0
10_TD_PE2_1_2	HDR	100	0	16723	16664	1	1	0	0	0	0	0	0	0	0	0	0	0	0
29_TD_PE2_1_1	Reference	96.01434835	3.98565165	12607	12224	7527	7227	300	0	2	7	298	1	1	291	0	1	6	0
29_TD_PE2_1_1	HDR	92.37649063	7.62350937	12607	12224	4696	4338	358	0	2	6	355	1	2	351	0	0	3	1
29_TD_PE2_1_2	Reference	96.1298509	3.8701491	16339	15878	9457	9091	366	0	1	16	361	0	5	350	0	0	10	1
29_TD_PE2_1_2	HDR	91.93146417	8.06853583	16339	15878	6420	5902	518	0	11	9	505	6	7	498	0	5	2	0
46_TD_PE2_1_1	Reference	93.36130927	6.63869073	15438	11957	11915	11124	791	0	9	19	784	4	3	763	0	5	16	0
46_TD_PE2_1_1	HDR	61.9047619	38.0952381	15438	11957	42	26	16	0	4	11	5	3	8	2	0	0	2	1
47_TD_PE2_1_1	Reference	94.7093403	5.2906597	16826	12626	12248	11600	648	0	9	11	645	0	2	630	1	7	7	1
47_TD_PE2_1_1	HDR	91.26984127	8.73015873	16826	12626	378	345	33	0	1	3	33	0	0	29	0	1	3	0
48_TD_PE2_1_1	Reference	89.94878361	10.05121639	6861	3253	3124	2810	314	0	9	3	313	1	0	302	0	8	3	0
48_TD_PE2_1_1	HDR	86.91588785	13.08411215	6861	3253	107	93	14	0	1	1	14	0	0	13	0	0	0	1
58_TD_PE2_1_1	Reference	63.76351223	36.23648777	21452	21110	21092	13449	7643	0	181	225	7643	0	0	7294	0	124	168	57
58_TD_PE2_1_1	HDR	0	100	21452	21110	6	0	6	0	4	1	6	0	0	1	0	4	1	0
59_TD_PE2_1_1	Reference	66.41469672	33.58530328	22234	21901	21828	14497	7331	0	205	205	7321	1	2	6980	7	145	144	52
59_TD_PE2_1_1	HDR	49.31506849	50.68493151	22234	21901	73	36	37	0	1	12	37	0	0	24	0	1	12	0
46_TD_PE2_1_2	Reference	92.60591239	7.39408761	18626	13983	13903	12875	1028	0	12	30	1026	0	2	987	0	11	27	1
46_TD_PE2_1_2	HDR	75	25	18626	13983	80	60	20	0	3	7	15	2	3	10	0	1	4	0
47_TD_PE2_1_2	Reference	93.76811594	6.23188406	18383	12908	12420	11646	774	0	13	17	768	0	6	744	0	13	11	0
47_TD_PE2_1_2	HDR	91.58110883	8.41889117	18383	12908	487	446	41	0	2	3	40	0	1	37	0	1	1	1
48_TD_PE2_1_2	Reference	94.34970965	5.65029035	15639	11239	10849	10236	613	0	11	3	607	6	0	600	0	4	2	1
48_TD_PE2_1_2	HDR	93.00291545	6.99708455	15639	11239	343	319	24	0	1	1	23	0	1	22	0	1	0	0
58_TD_PE2_1_2	Reference	63.78272645	36.21727355	20409	19958	19938	12717	7221	0	203	195	7215	0	4	6881	2	145	133	56
58_TD_PE2_1_2	HDR	11.11111111	88.88888889	20409	19958	9	1	8	0	4	0	8	0	0	4	0	4	0	0
59_TD_PE2_1_2	Reference	66.15785914	33.84214086	21105	20768	20702	13696	7006	0	184	184	7001	0	1	6690	4	132	131	48
59_TD_PE2_1_2	HDR	53.03030303	46.96969697	21105	20768	66	35	31	0	0	12	31	0	0	19	0	0	12	0
10_TD_PE2_2_2	Reference	97.65763401	2.34236599	15281	15249	15241	14884	357	0	2	8	353	0	4	347	0	2	4	0
10_TD_PE2_2_2	HDR	75	25	15281	15249	8	6	2	0	0	0	2	0	0	2	0	0	0	0
29_TD_PE2_2_1	Reference	96.01600557	3.98399443	11488	11162	5748	5519	229	0	3	12	218	0	11	214	0	3	1	0
29_TD_PE2_2_1	HDR	92.44551164	7.55448836	11488	11162	5414	5005	409	0	3	16	393	3	13	390	0	0	3	0
29_TD_PE2_2_2	Reference	96.1551265	3.8448735	10821	10523	6008	5777	231	0	0	9	225	0	6	222	0	0	3	0
29_TD_PE2_2_2	HDR	92.93466224	7.06533776	10821	10523	4515	4196	319	0	0	12	309	0	10	307	0	0	2	0
46_TD_PE2_2_2	Reference	93.75285832	6.24714168	14670	10968	10933	10250	683	0	10	26	676	2	5	649	0	6	19	2
46_TD_PE2_2_2	HDR	73.52941176	26.47058824	14670	10968	34	25	9	0	1	2	8	0	1	6	0	1	1	0
47_TD_PE2_2_1	Reference	94.21436519	5.78563481	13264	8378	8089	7621	468	0	4	8	464	0	4	456	0	4	4	0
47_TD_PE2_2_1	HDR	94.80968858	5.19031142	13264	8378	289	274	15	0	0	3	15	0	0	12	0	0	3	0
47_TD_PE2_2_2	Reference	94.71369438	5.28630562	17019	12027	11596	10983	613	0	4	15	611	0	2	594	0	4	13	0
47_TD_PE2_2_2	HDR	90.46511628	9.53488372	17019	12027	430	389	41	0	0	4	39	0	2	37	0	0	2	0
48_TD_PE2_2_1	Reference	93.71973994	6.28026006	11233	7473	7229	6775	454	0	7	7	450	1	3	441	0	5	3	1
48_TD_PE2_2_1	HDR	94.76439791	5.23560209	11233	7473	191	181	10	0	0	0	10	0	0	10	0	0	0	0
48_TD_PE2_2_2	Reference	94.03002309	5.96997691	12184	8954	8660	8143	517	0	5	14	514	1	2	498	0	4	12	0
48_TD_PE2_2_2	HDR	94.35483871	5.64516129	12184	8954	248	234	14	0	1	1	14	0	0	13	0	0	0	1
58_TD_PE2_2_1	Reference	64.19922804	35.80077196	19244	18931	18913	12142	6771	0	208	192	6769	0	2	6433	0	146	128	62
58_TD_PE2_2_1	HDR	0	100	19244	18931	7	0	7	0	2	3	7	0	0	4	0	0	1	2
58_TD_PE2_2_2	Reference	66.51578947	33.48421053	19307	19027	19000	12638	6362	0	198	184	6360	0	1	6048	1	130	115	67
58_TD_PE2_2_2	HDR	27.27272727	72.72727273	19307	19027	11	3	8	0	7	2	7	1	0	1	0	4	0	2
59_TD_PE2_2_1	Reference	66.63048841	33.36951159	20641	20341	20270	13506	6764	0	167	183	6755	1	2	6446	6	134	149	26
59_TD_PE2_2_1	HDR	52.11267606	47.88732394	20641	20341	71	37	34	0	2	10	34	0	0	23	0	1	9	1
59_TD_PE2_2_2	Reference	68.6982735	31.3017265	18582	18313	18245	12534	5711	0	139	146	5699	0	3	5456	9	109	113	21
59_TD_PE2_2_2	HDR	42.64705882	57.35294118	18582	18313	68	29	39	0	2	12	39	0	0	26	0	1	11	1
10_TD_PE2_1_1_control1	Reference	97.87438898	2.12561102	13611	13502	13502	13215	287	0	1	7	285	0	2	279	0	1	5	0
10_TD_PE2_1_1_control1	HDR	NA	NA	13611	13502	0	0	0	0	0	0	0	0	0	0	0	0	0	0
10_TD_PE2_1_1_control2	Reference	97.76035453	2.23964547	29442	29335	29335	28678	657	0	1	15	649	0	8	641	0	1	7	0
10_TD_PE2_1_1_control2	HDR	NA	NA	29442	29335	0	0	0	0	0	0	0	0	0	0	0	0	0	0
10_TD_PE2_1_1_control3	Reference	96.40449438	3.59550562	562	445	445	429	16	0	0	0	16	0	0	16	0	0	0	0
10_TD_PE2_1_1_control3	HDR	NA	NA	562	445	0	0	0	0	0	0	0	0	0	0	0	0	0	0
10_TD_PE2_1_1_control4	Reference	98.12600393	1.87399607	5670	5603	5603	5498	105	0	0	6	100	0	5	99	0	0	1	0
10_TD_PE2_1_1_control4	HDR	NA	NA	5670	5603	0	0	0	0	0	0	0	0	0	0	0	0	0	0
10_TD_PE2_1_2_control1	Reference	97.87438898	2.12561102	13611	13502	13502	13215	287	0	1	7	285	0	2	279	0	1	5	0
10_TD_PE2_1_2_control1	HDR	NA	NA	13611	13502	0	0	0	0	0	0	0	0	0	0	0	0	0	0
10_TD_PE2_1_2_control2	Reference	97.76035453	2.23964547	29442	29335	29335	28678	657	0	1	15	649	0	8	641	0	1	7	0
10_TD_PE2_1_2_control2	HDR	NA	NA	29442	29335	0	0	0	0	0	0	0	0	0	0	0	0	0	0
10_TD_PE2_1_2_control3	Reference	96.40449438	3.59550562	562	445	445	429	16	0	0	0	16	0	0	16	0	0	0	0
10_TD_PE2_1_2_control3	HDR	NA	NA	562	445	0	0	0	0	0	0	0	0	0	0	0	0	0	0
10_TD_PE2_1_2_control4	Reference	98.12600393	1.87399607	5670	5603	5603	5498	105	0	0	6	100	0	5	99	0	0	1	0
10_TD_PE2_1_2_control4	HDR	NA	NA	5670	5603	0	0	0	0	0	0	0	0	0	0	0	0	0	0
29_TD_PE2_1_1_control1	Reference	96.6714622	3.3285378	15627	15306	15292	14783	509	0	1	15	502	0	7	494	0	0	7	1
29_TD_PE2_1_1_control1	HDR	21.42857143	78.57142857	15627	15306	14	3	11	0	0	0	11	0	0	11	0	0	0	0
29_TD_PE2_1_1_control2	Reference	96.64679944	3.35320056	21145	20644	20637	19945	692	0	1	14	683	0	9	678	0	0	4	1
29_TD_PE2_1_1_control2	HDR	57.14285714	42.85714286	21145	20644	7	4	3	0	0	0	3	0	0	3	0	0	0	0
29_TD_PE2_1_1_control3	Reference	97.25352113	2.74647887	3769	2842	2840	2762	78	0	0	1	77	0	1	77	0	0	0	0
29_TD_PE2_1_1_control3	HDR	50	50	3769	2842	2	1	1	0	0	0	1	0	0	1	0	0	0	0
29_TD_PE2_1_1_control4	Reference	97.3878758	2.6121242	5286	4062	4058	3952	106	0	0	1	106	0	0	105	0	0	1	0
29_TD_PE2_1_1_control4	HDR	50	50	5286	4062	4	2	2	0	0	0	2	0	0	2	0	0	0	0
29_TD_PE2_1_2_control1	Reference	96.6714622	3.3285378	15627	15306	15292	14783	509	0	1	15	502	0	7	494	0	0	7	1
29_TD_PE2_1_2_control1	HDR	21.42857143	78.57142857	15627	15306	14	3	11	0	0	0	11	0	0	11	0	0	0	0
29_TD_PE2_1_2_control2	Reference	96.64679944	3.35320056	21145	20644	20637	19945	692	0	1	14	683	0	9	678	0	0	4	1
29_TD_PE2_1_2_control2	HDR	57.14285714	42.85714286	21145	20644	7	4	3	0	0	0	3	0	0	3	0	0	0	0
29_TD_PE2_1_2_control3	Reference	97.25352113	2.74647887	3769	2842	2840	2762	78	0	0	1	77	0	1	77	0	0	0	0
29_TD_PE2_1_2_control3	HDR	50	50	3769	2842	2	1	1	0	0	0	1	0	0	1	0	0	0	0
29_TD_PE2_1_2_control4	Reference	97.3878758	2.6121242	5286	4062	4058	3952	106	0	0	1	106	0	0	105	0	0	1	0
29_TD_PE2_1_2_control4	HDR	50	50	5286	4062	4	2	2	0	0	0	2	0	0	2	0	0	0	0
46_TD_PE2_1_1_control1	Reference	92.64941837	7.35058163	16978	9981	9972	9239	733	0	8	29	731	0	2	696	0	8	27	0
46_TD_PE2_1_1_control1	HDR	0	100	16978	9981	9	0	9	0	1	1	9	0	0	7	0	1	1	0
46_TD_PE2_1_1_control2	Reference	91.47887324	8.52112676	23452	12800	12780	11691	1089	0	11	46	1083	2	4	1033	0	8	41	1
46_TD_PE2_1_1_control2	HDR	0	100	23452	12800	19	0	19	0	4	12	18	0	1	4	0	3	10	1
46_TD_PE2_1_1_control3	Reference	78.40909091	21.59090909	9949	1147	1144	897	247	0	4	20	246	0	1	223	0	4	19	0
46_TD_PE2_1_1_control3	HDR	0	100	9949	1147	3	0	3	0	0	2	3	0	0	1	0	0	2	0
46_TD_PE2_1_1_control4	Reference	82.11870774	17.88129226	9801	1334	1331	1093	238	0	2	10	238	0	0	226	0	2	10	0
46_TD_PE2_1_1_control4	HDR	0	100	9801	1334	3	0	3	0	0	1	3	0	0	2	0	0	1	0
47_TD_PE2_1_1_control1	Reference	93.21371291	6.78628709	16978	9981	9976	9299	677	0	6	21	674	0	3	650	0	6	18	0
47_TD_PE2_1_1_control1	HDR	0	100	16978	9981	5	0	5	0	2	2	5	0	0	1	0	2	2	0
47_TD_PE2_1_1_control2	Reference	92.1922626	7.8077374	23452	12799	12795	11796	999	0	10	43	993	1	5	946	0	9	38	0
47_TD_PE2_1_1_control2	HDR	25	75	23452	12799	4	1	3	0	0	2	3	0	0	1	0	0	2	0
47_TD_PE2_1_1_control3	Reference	79.56331878	20.43668122	9949	1147	1145	911	234	0	4	12	230	0	4	218	0	4	8	0
47_TD_PE2_1_1_control3	HDR	0	100	9949	1147	2	0	2	0	1	1	2	0	0	0	0	1	1	0
47_TD_PE2_1_1_control4	Reference	82.75862069	17.24137931	9801	1334	1334	1104	230	0	1	6	230	0	0	223	0	1	6	0
47_TD_PE2_1_1_control4	HDR	NA	NA	9801	1334	0	0	0	0	0	0	0	0	0	0	0	0	0	0
48_TD_PE2_1_1_control1	Reference	93.64919355	6.35080645	16978	9981	9920	9290	630	0	3	9	627	0	3	618	0	3	6	0
48_TD_PE2_1_1_control1	HDR	0	100	16978	9981	9	0	9	0	0	0	9	0	0	9	0	0	0	0
48_TD_PE2_1_1_control2	Reference	93.11565696	6.88434304	23452	12801	12710	11835	875	0	10	14	873	0	2	852	0	9	11	1
48_TD_PE2_1_1_control2	HDR	14.28571429	85.71428571	23452	12801	21	3	18	0	1	1	18	0	0	17	0	0	0	1
48_TD_PE2_1_1_control3	Reference	83.86809269	16.13190731	9949	1147	1122	941	181	0	3	2	180	0	0	177	1	2	1	0
48_TD_PE2_1_1_control3	HDR	25	75	9949	1147	4	1	3	0	0	0	3	0	0	3	0	0	0	0
48_TD_PE2_1_1_control4	Reference	85.8662614	14.1337386	9801	1334	1316	1130	186	0	7	8	186	0	0	173	0	5	6	2
48_TD_PE2_1_1_control4	HDR	0	100	9801	1334	6	0	6	0	1	0	6	0	0	5	0	1	0	0
58_TD_PE2_1_1_control1	Reference	64.47163788	35.52836212	24788	24459	24434	15753	8681	0	231	293	8676	0	2	8245	3	143	203	85
58_TD_PE2_1_1_control1	HDR	0	100	24788	24459	10	0	10	0	5	4	9	1	0	1	0	4	4	0
58_TD_PE2_1_1_control2	Reference	63.53074883	36.46925117	32096	31703	31676	20124	11552	0	290	299	11546	0	1	11045	5	208	216	77
58_TD_PE2_1_1_control2	HDR	0	100	32096	31703	6	0	6	0	5	1	6	0	0	0	0	5	1	0
58_TD_PE2_1_1_control3	Reference	46.73913043	53.26086957	771	92	92	43	49	0	1	2	49	0	0	46	0	1	2	0
58_TD_PE2_1_1_control3	HDR	NA	NA	771	92	0	0	0	0	0	0	0	0	0	0	0	0	0	0
58_TD_PE2_1_1_control4	Reference	61.78571429	38.21428571	513	280	280	173	107	0	1	2	107	0	0	104	0	1	2	0
58_TD_PE2_1_1_control4	HDR	NA	NA	513	280	0	0	0	0	0	0	0	0	0	0	0	0	0	0
59_TD_PE2_1_1_control1	Reference	66.65030072	33.34969928	24788	24459	24441	16290	8151	0	190	274	8141	0	4	7754	6	123	203	61
59_TD_PE2_1_1_control1	HDR	0	100	24788	24459	17	0	17	0	0	17	17	0	0	0	0	0	17	0
59_TD_PE2_1_1_control2	Reference	65.85435146	34.14564854	32096	31703	31679	20862	10817	0	245	283	10804	0	5	10353	8	181	214	56
59_TD_PE2_1_1_control2	HDR	0	100	32096	31703	24	0	24	0	1	24	24	0	0	0	0	0	23	1
59_TD_PE2_1_1_control3	Reference	47.82608696	52.17391304	771	92	92	44	48	0	0	1	48	0	0	47	0	0	1	0
59_TD_PE2_1_1_control3	HDR	NA	NA	771	92	0	0	0	0	0	0	0	0	0	0	0	0	0	0
59_TD_PE2_1_1_control4	Reference	63.44086022	36.55913978	513	280	279	177	102	0	1	2	102	0	0	99	0	1	2	0
59_TD_PE2_1_1_control4	HDR	0	100	513	280	1	0	1	0	0	1	1	0	0	0	0	0	1	0
46_TD_PE2_1_2_control1	Reference	92.64941837	7.35058163	16978	9981	9972	9239	733	0	8	29	731	0	2	696	0	8	27	0
46_TD_PE2_1_2_control1	HDR	0	100	16978	9981	9	0	9	0	1	1	9	0	0	7	0	1	1	0
46_TD_PE2_1_2_control2	Reference	91.47887324	8.52112676	23452	12800	12780	11691	1089	0	11	46	1083	2	4	1033	0	8	41	1
46_TD_PE2_1_2_control2	HDR	0	100	23452	12800	19	0	19	0	4	12	18	0	1	4	0	3	10	1
46_TD_PE2_1_2_control3	Reference	78.40909091	21.59090909	9949	1147	1144	897	247	0	4	20	246	0	1	223	0	4	19	0
46_TD_PE2_1_2_control3	HDR	0	100	9949	1147	3	0	3	0	0	2	3	0	0	1	0	0	2	0
46_TD_PE2_1_2_control4	Reference	82.11870774	17.88129226	9801	1334	1331	1093	238	0	2	10	238	0	0	226	0	2	10	0
46_TD_PE2_1_2_control4	HDR	0	100	9801	1334	3	0	3	0	0	1	3	0	0	2	0	0	1	0
47_TD_PE2_1_2_control1	Reference	93.21371291	6.78628709	16978	9981	9976	9299	677	0	6	21	674	0	3	650	0	6	18	0
47_TD_PE2_1_2_control1	HDR	0	100	16978	9981	5	0	5	0	2	2	5	0	0	1	0	2	2	0
47_TD_PE2_1_2_control2	Reference	92.1922626	7.8077374	23452	12799	12795	11796	999	0	10	43	993	1	5	946	0	9	38	0
47_TD_PE2_1_2_control2	HDR	25	75	23452	12799	4	1	3	0	0	2	3	0	0	1	0	0	2	0
47_TD_PE2_1_2_control3	Reference	79.56331878	20.43668122	9949	1147	1145	911	234	0	4	12	230	0	4	218	0	4	8	0
47_TD_PE2_1_2_control3	HDR	0	100	9949	1147	2	0	2	0	1	1	2	0	0	0	0	1	1	0
47_TD_PE2_1_2_control4	Reference	82.75862069	17.24137931	9801	1334	1334	1104	230	0	1	6	230	0	0	223	0	1	6	0
47_TD_PE2_1_2_control4	HDR	NA	NA	9801	1334	0	0	0	0	0	0	0	0	0	0	0	0	0	0
48_TD_PE2_1_2_control1	Reference	93.64919355	6.35080645	16978	9981	9920	9290	630	0	3	9	627	0	3	618	0	3	6	0
48_TD_PE2_1_2_control1	HDR	0	100	16978	9981	9	0	9	0	0	0	9	0	0	9	0	0	0	0
48_TD_PE2_1_2_control2	Reference	93.11565696	6.88434304	23452	12801	12710	11835	875	0	10	14	873	0	2	852	0	9	11	1
48_TD_PE2_1_2_control2	HDR	14.28571429	85.71428571	23452	12801	21	3	18	0	1	1	18	0	0	17	0	0	0	1
48_TD_PE2_1_2_control3	Reference	83.86809269	16.13190731	9949	1147	1122	941	181	0	3	2	180	0	0	177	1	2	1	0
48_TD_PE2_1_2_control3	HDR	25	75	9949	1147	4	1	3	0	0	0	3	0	0	3	0	0	0	0
48_TD_PE2_1_2_control4	Reference	85.8662614	14.1337386	9801	1334	1316	1130	186	0	7	8	186	0	0	173	0	5	6	2
48_TD_PE2_1_2_control4	HDR	0	100	9801	1334	6	0	6	0	1	0	6	0	0	5	0	1	0	0
58_TD_PE2_1_2_control1	Reference	64.47163788	35.52836212	24788	24459	24434	15753	8681	0	231	293	8676	0	2	8245	3	143	203	85
58_TD_PE2_1_2_control1	HDR	0	100	24788	24459	10	0	10	0	5	4	9	1	0	1	0	4	4	0
58_TD_PE2_1_2_control2	Reference	63.53074883	36.46925117	32096	31703	31676	20124	11552	0	290	299	11546	0	1	11045	5	208	216	77
58_TD_PE2_1_2_control2	HDR	0	100	32096	31703	6	0	6	0	5	1	6	0	0	0	0	5	1	0
58_TD_PE2_1_2_control3	Reference	46.73913043	53.26086957	771	92	92	43	49	0	1	2	49	0	0	46	0	1	2	0
58_TD_PE2_1_2_control3	HDR	NA	NA	771	92	0	0	0	0	0	0	0	0	0	0	0	0	0	0
58_TD_PE2_1_2_control4	Reference	61.78571429	38.21428571	513	280	280	173	107	0	1	2	107	0	0	104	0	1	2	0
58_TD_PE2_1_2_control4	HDR	NA	NA	513	280	0	0	0	0	0	0	0	0	0	0	0	0	0	0
59_TD_PE2_1_2_control1	Reference	66.65030072	33.34969928	24788	24459	24441	16290	8151	0	190	274	8141	0	4	7754	6	123	203	61
59_TD_PE2_1_2_control1	HDR	0	100	24788	24459	17	0	17	0	0	17	17	0	0	0	0	0	17	0
59_TD_PE2_1_2_control2	Reference	65.85435146	34.14564854	32096	31703	31679	20862	10817	0	245	283	10804	0	5	10353	8	181	214	56
59_TD_PE2_1_2_control2	HDR	0	100	32096	31703	24	0	24	0	1	24	24	0	0	0	0	0	23	1
59_TD_PE2_1_2_control3	Reference	47.82608696	52.17391304	771	92	92	44	48	0	0	1	48	0	0	47	0	0	1	0
59_TD_PE2_1_2_control3	HDR	NA	NA	771	92	0	0	0	0	0	0	0	0	0	0	0	0	0	0
59_TD_PE2_1_2_control4	Reference	63.44086022	36.55913978	513	280	279	177	102	0	1	2	102	0	0	99	0	1	2	0
59_TD_PE2_1_2_control4	HDR	0	100	513	280	1	0	1	0	0	1	1	0	0	0	0	0	1	0
10_TD_PE2_2_1_control1	Reference	97.87438898	2.12561102	13611	13502	13502	13215	287	0	1	7	285	0	2	279	0	1	5	0
10_TD_PE2_2_1_control1	HDR	NA	NA	13611	13502	0	0	0	0	0	0	0	0	0	0	0	0	0	0
10_TD_PE2_2_1_control2	Reference	97.76035453	2.23964547	29442	29335	29335	28678	657	0	1	15	649	0	8	641	0	1	7	0
10_TD_PE2_2_1_control2	HDR	NA	NA	29442	29335	0	0	0	0	0	0	0	0	0	0	0	0	0	0
10_TD_PE2_2_1_control3	Reference	96.40449438	3.59550562	562	445	445	429	16	0	0	0	16	0	0	16	0	0	0	0
10_TD_PE2_2_1_control3	HDR	NA	NA	562	445	0	0	0	0	0	0	0	0	0	0	0	0	0	0
10_TD_PE2_2_1_control4	Reference	98.12600393	1.87399607	5670	5603	5603	5498	105	0	0	6	100	0	5	99	0	0	1	0
10_TD_PE2_2_1_control4	HDR	NA	NA	5670	5603	0	0	0	0	0	0	0	0	0	0	0	0	0	0
10_TD_PE2_2_2_control1	Reference	97.87438898	2.12561102	13611	13502	13502	13215	287	0	1	7	285	0	2	279	0	1	5	0
10_TD_PE2_2_2_control1	HDR	NA	NA	13611	13502	0	0	0	0	0	0	0	0	0	0	0	0	0	0
10_TD_PE2_2_2_control2	Reference	97.76035453	2.23964547	29442	29335	29335	28678	657	0	1	15	649	0	8	641	0	1	7	0
10_TD_PE2_2_2_control2	HDR	NA	NA	29442	29335	0	0	0	0	0	0	0	0	0	0	0	0	0	0
10_TD_PE2_2_2_control3	Reference	96.40449438	3.59550562	562	445	445	429	16	0	0	0	16	0	0	16	0	0	0	0
10_TD_PE2_2_2_control3	HDR	NA	NA	562	445	0	0	0	0	0	0	0	0	0	0	0	0	0	0
10_TD_PE2_2_2_control4	Reference	98.12600393	1.87399607	5670	5603	5603	5498	105	0	0	6	100	0	5	99	0	0	1	0
10_TD_PE2_2_2_control4	HDR	NA	NA	5670	5603	0	0	0	0	0	0	0	0	0	0	0	0	0	0
29_TD_PE2_2_1_control1	Reference	96.6714622	3.3285378	15627	15306	15292	14783	509	0	1	15	502	0	7	494	0	0	7	1
29_TD_PE2_2_1_control1	HDR	21.42857143	78.57142857	15627	15306	14	3	11	0	0	0	11	0	0	11	0	0	0	0
29_TD_PE2_2_1_control2	Reference	96.64679944	3.35320056	21145	20644	20637	19945	692	0	1	14	683	0	9	678	0	0	4	1
29_TD_PE2_2_1_control2	HDR	57.14285714	42.85714286	21145	20644	7	4	3	0	0	0	3	0	0	3	0	0	0	0
29_TD_PE2_2_1_control3	Reference	97.25352113	2.74647887	3769	2842	2840	2762	78	0	0	1	77	0	1	77	0	0	0	0
29_TD_PE2_2_1_control3	HDR	50	50	3769	2842	2	1	1	0	0	0	1	0	0	1	0	0	0	0
29_TD_PE2_2_1_control4	Reference	97.3878758	2.6121242	5286	4062	4058	3952	106	0	0	1	106	0	0	105	0	0	1	0
29_TD_PE2_2_1_control4	HDR	50	50	5286	4062	4	2	2	0	0	0	2	0	0	2	0	0	0	0
29_TD_PE2_2_2_control1	Reference	96.6714622	3.3285378	15627	15306	15292	14783	509	0	1	15	502	0	7	494	0	0	7	1
29_TD_PE2_2_2_control1	HDR	21.42857143	78.57142857	15627	15306	14	3	11	0	0	0	11	0	0	11	0	0	0	0
29_TD_PE2_2_2_control2	Reference	96.64679944	3.35320056	21145	20644	20637	19945	692	0	1	14	683	0	9	678	0	0	4	1
29_TD_PE2_2_2_control2	HDR	57.14285714	42.85714286	21145	20644	7	4	3	0	0	0	3	0	0	3	0	0	0	0
29_TD_PE2_2_2_control3	Reference	97.25352113	2.74647887	3769	2842	2840	2762	78	0	0	1	77	0	1	77	0	0	0	0
29_TD_PE2_2_2_control3	HDR	50	50	3769	2842	2	1	1	0	0	0	1	0	0	1	0	0	0	0
29_TD_PE2_2_2_control4	Reference	97.3878758	2.6121242	5286	4062	4058	3952	106	0	0	1	106	0	0	105	0	0	1	0
29_TD_PE2_2_2_control4	HDR	50	50	5286	4062	4	2	2	0	0	0	2	0	0	2	0	0	0	0
46_TD_PE2_2_1_control1	Reference	92.64941837	7.35058163	16978	9981	9972	9239	733	0	8	29	731	0	2	696	0	8	27	0
46_TD_PE2_2_1_control1	HDR	0	100	16978	9981	9	0	9	0	1	1	9	0	0	7	0	1	1	0
46_TD_PE2_2_1_control2	Reference	91.47887324	8.52112676	23452	12800	12780	11691	1089	0	11	46	1083	2	4	1033	0	8	41	1
46_TD_PE2_2_1_control2	HDR	0	100	23452	12800	19	0	19	0	4	12	18	0	1	4	0	3	10	1
46_TD_PE2_2_1_control3	Reference	78.40909091	21.59090909	9949	1147	1144	897	247	0	4	20	246	0	1	223	0	4	19	0
46_TD_PE2_2_1_control3	HDR	0	100	9949	1147	3	0	3	0	0	2	3	0	0	1	0	0	2	0
46_TD_PE2_2_1_control4	Reference	82.11870774	17.88129226	9801	1334	1331	1093	238	0	2	10	238	0	0	226	0	2	10	0
46_TD_PE2_2_1_control4	HDR	0	100	9801	1334	3	0	3	0	0	1	3	0	0	2	0	0	1	0
46_TD_PE2_2_2_control1	Reference	92.64941837	7.35058163	16978	9981	9972	9239	733	0	8	29	731	0	2	696	0	8	27	0
46_TD_PE2_2_2_control1	HDR	0	100	16978	9981	9	0	9	0	1	1	9	0	0	7	0	1	1	0
46_TD_PE2_2_2_control2	Reference	91.47887324	8.52112676	23452	12800	12780	11691	1089	0	11	46	1083	2	4	1033	0	8	41	1
46_TD_PE2_2_2_control2	HDR	0	100	23452	12800	19	0	19	0	4	12	18	0	1	4	0	3	10	1
46_TD_PE2_2_2_control3	Reference	78.40909091	21.59090909	9949	1147	1144	897	247	0	4	20	246	0	1	223	0	4	19	0
46_TD_PE2_2_2_control3	HDR	0	100	9949	1147	3	0	3	0	0	2	3	0	0	1	0	0	2	0
46_TD_PE2_2_2_control4	Reference	82.11870774	17.88129226	9801	1334	1331	1093	238	0	2	10	238	0	0	226	0	2	10	0
46_TD_PE2_2_2_control4	HDR	0	100	9801	1334	3	0	3	0	0	1	3	0	0	2	0	0	1	0
47_TD_PE2_2_1_control1	Reference	93.21371291	6.78628709	16978	9981	9976	9299	677	0	6	21	674	0	3	650	0	6	18	0
47_TD_PE2_2_1_control1	HDR	0	100	16978	9981	5	0	5	0	2	2	5	0	0	1	0	2	2	0
47_TD_PE2_2_1_control2	Reference	92.1922626	7.8077374	23452	12799	12795	11796	999	0	10	43	993	1	5	946	0	9	38	0
47_TD_PE2_2_1_control2	HDR	25	75	23452	12799	4	1	3	0	0	2	3	0	0	1	0	0	2	0
47_TD_PE2_2_1_control3	Reference	79.56331878	20.43668122	9949	1147	1145	911	234	0	4	12	230	0	4	218	0	4	8	0
47_TD_PE2_2_1_control3	HDR	0	100	9949	1147	2	0	2	0	1	1	2	0	0	0	0	1	1	0
47_TD_PE2_2_1_control4	Reference	82.75862069	17.24137931	9801	1334	1334	1104	230	0	1	6	230	0	0	223	0	1	6	0
47_TD_PE2_2_1_control4	HDR	NA	NA	9801	1334	0	0	0	0	0	0	0	0	0	0	0	0	0	0
47_TD_PE2_2_2_control1	Reference	93.21371291	6.78628709	16978	9981	9976	9299	677	0	6	21	674	0	3	650	0	6	18	0
47_TD_PE2_2_2_control1	HDR	0	100	16978	9981	5	0	5	0	2	2	5	0	0	1	0	2	2	0
47_TD_PE2_2_2_control2	Reference	92.1922626	7.8077374	23452	12799	12795	11796	999	0	10	43	993	1	5	946	0	9	38	0
47_TD_PE2_2_2_control2	HDR	25	75	23452	12799	4	1	3	0	0	2	3	0	0	1	0	0	2	0
47_TD_PE2_2_2_control3	Reference	79.56331878	20.43668122	9949	1147	1145	911	234	0	4	12	230	0	4	218	0	4	8	0
47_TD_PE2_2_2_control3	HDR	0	100	9949	1147	2	0	2	0	1	1	2	0	0	0	0	1	1	0
47_TD_PE2_2_2_control4	Reference	82.75862069	17.24137931	9801	1334	1334	1104	230	0	1	6	230	0	0	223	0	1	6	0
47_TD_PE2_2_2_control4	HDR	NA	NA	9801	1334	0	0	0	0	0	0	0	0	0	0	0	0	0	0
48_TD_PE2_2_1_control1	Reference	93.64919355	6.35080645	16978	9981	9920	9290	630	0	3	9	627	0	3	618	0	3	6	0
48_TD_PE2_2_1_control1	HDR	0	100	16978	9981	9	0	9	0	0	0	9	0	0	9	0	0	0	0
48_TD_PE2_2_1_control2	Reference	93.11565696	6.88434304	23452	12801	12710	11835	875	0	10	14	873	0	2	852	0	9	11	1
48_TD_PE2_2_1_control2	HDR	14.28571429	85.71428571	23452	12801	21	3	18	0	1	1	18	0	0	17	0	0	0	1
48_TD_PE2_2_1_control3	Reference	83.86809269	16.13190731	9949	1147	1122	941	181	0	3	2	180	0	0	177	1	2	1	0
48_TD_PE2_2_1_control3	HDR	25	75	9949	1147	4	1	3	0	0	0	3	0	0	3	0	0	0	0
48_TD_PE2_2_1_control4	Reference	85.8662614	14.1337386	9801	1334	1316	1130	186	0	7	8	186	0	0	173	0	5	6	2
48_TD_PE2_2_1_control4	HDR	0	100	9801	1334	6	0	6	0	1	0	6	0	0	5	0	1	0	0
48_TD_PE2_2_2_control1	Reference	93.64919355	6.35080645	16978	9981	9920	9290	630	0	3	9	627	0	3	618	0	3	6	0
48_TD_PE2_2_2_control1	HDR	0	100	16978	9981	9	0	9	0	0	0	9	0	0	9	0	0	0	0
48_TD_PE2_2_2_control2	Reference	93.11565696	6.88434304	23452	12801	12710	11835	875	0	10	14	873	0	2	852	0	9	11	1
48_TD_PE2_2_2_control2	HDR	14.28571429	85.71428571	23452	12801	21	3	18	0	1	1	18	0	0	17	0	0	0	1
48_TD_PE2_2_2_control3	Reference	83.86809269	16.13190731	9949	1147	1122	941	181	0	3	2	180	0	0	177	1	2	1	0
48_TD_PE2_2_2_control3	HDR	25	75	9949	1147	4	1	3	0	0	0	3	0	0	3	0	0	0	0
48_TD_PE2_2_2_control4	Reference	85.8662614	14.1337386	9801	1334	1316	1130	186	0	7	8	186	0	0	173	0	5	6	2
48_TD_PE2_2_2_control4	HDR	0	100	9801	1334	6	0	6	0	1	0	6	0	0	5	0	1	0	0
58_TD_PE2_2_1_control1	Reference	64.47163788	35.52836212	24788	24459	24434	15753	8681	0	231	293	8676	0	2	8245	3	143	203	85
58_TD_PE2_2_1_control1	HDR	0	100	24788	24459	10	0	10	0	5	4	9	1	0	1	0	4	4	0
58_TD_PE2_2_1_control2	Reference	63.53074883	36.46925117	32096	31703	31676	20124	11552	0	290	299	11546	0	1	11045	5	208	216	77
58_TD_PE2_2_1_control2	HDR	0	100	32096	31703	6	0	6	0	5	1	6	0	0	0	0	5	1	0
58_TD_PE2_2_1_control3	Reference	46.73913043	53.26086957	771	92	92	43	49	0	1	2	49	0	0	46	0	1	2	0
58_TD_PE2_2_1_control3	HDR	NA	NA	771	92	0	0	0	0	0	0	0	0	0	0	0	0	0	0
58_TD_PE2_2_1_control4	Reference	61.78571429	38.21428571	513	280	280	173	107	0	1	2	107	0	0	104	0	1	2	0
58_TD_PE2_2_1_control4	HDR	NA	NA	513	280	0	0	0	0	0	0	0	0	0	0	0	0	0	0
58_TD_PE2_2_2_control1	Reference	64.47163788	35.52836212	24788	24459	24434	15753	8681	0	231	293	8676	0	2	8245	3	143	203	85
58_TD_PE2_2_2_control1	HDR	0	100	24788	24459	10	0	10	0	5	4	9	1	0	1	0	4	4	0
58_TD_PE2_2_2_control2	Reference	63.53074883	36.46925117	32096	31703	31676	20124	11552	0	290	299	11546	0	1	11045	5	208	216	77
58_TD_PE2_2_2_control2	HDR	0	100	32096	31703	6	0	6	0	5	1	6	0	0	0	0	5	1	0
58_TD_PE2_2_2_control3	Reference	46.73913043	53.26086957	771	92	92	43	49	0	1	2	49	0	0	46	0	1	2	0
58_TD_PE2_2_2_control3	HDR	NA	NA	771	92	0	0	0	0	0	0	0	0	0	0	0	0	0	0
58_TD_PE2_2_2_control4	Reference	61.78571429	38.21428571	513	280	280	173	107	0	1	2	107	0	0	104	0	1	2	0
58_TD_PE2_2_2_control4	HDR	NA	NA	513	280	0	0	0	0	0	0	0	0	0	0	0	0	0	0
59_TD_PE2_2_1_control1	Reference	66.65030072	33.34969928	24788	24459	24441	16290	8151	0	190	274	8141	0	4	7754	6	123	203	61
59_TD_PE2_2_1_control1	HDR	0	100	24788	24459	17	0	17	0	0	17	17	0	0	0	0	0	17	0
59_TD_PE2_2_1_control2	Reference	65.85435146	34.14564854	32096	31703	31679	20862	10817	0	245	283	10804	0	5	10353	8	181	214	56
59_TD_PE2_2_1_control2	HDR	0	100	32096	31703	24	0	24	0	1	24	24	0	0	0	0	0	23	1
59_TD_PE2_2_1_control3	Reference	47.82608696	52.17391304	771	92	92	44	48	0	0	1	48	0	0	47	0	0	1	0
59_TD_PE2_2_1_control3	HDR	NA	NA	771	92	0	0	0	0	0	0	0	0	0	0	0	0	0	0
59_TD_PE2_2_1_control4	Reference	63.44086022	36.55913978	513	280	279	177	102	0	1	2	102	0	0	99	0	1	2	0
59_TD_PE2_2_1_control4	HDR	0	100	513	280	1	0	1	0	0	1	1	0	0	0	0	0	1	0
59_TD_PE2_2_2_control1	Reference	66.65030072	33.34969928	24788	24459	24441	16290	8151	0	190	274	8141	0	4	7754	6	123	203	61
59_TD_PE2_2_2_control1	HDR	0	100	24788	24459	17	0	17	0	0	17	17	0	0	0	0	0	17	0
59_TD_PE2_2_2_control2	Reference	65.85435146	34.14564854	32096	31703	31679	20862	10817	0	245	283	10804	0	5	10353	8	181	214	56
59_TD_PE2_2_2_control2	HDR	0	100	32096	31703	24	0	24	0	1	24	24	0	0	0	0	0	23	1
59_TD_PE2_2_2_control3	Reference	47.82608696	52.17391304	771	92	92	44	48	0	0	1	48	0	0	47	0	0	1	0
59_TD_PE2_2_2_control3	HDR	NA	NA	771	92	0	0	0	0	0	0	0	0	0	0	0	0	0	0
59_TD_PE2_2_2_control4	Reference	63.44086022	36.55913978	513	280	279	177	102	0	1	2	102	0	0	99	0	1	2	0
59_TD_PE2_2_2_control4	HDR	0	100	513	280	1	0	1	0	0	1	1	0	0	0	0	0	1	0
