Batch	Amplicon	Unmodified%	Modified%	Reads_in_input	Reads_aligned_all_amplicons	Reads_aligned	Unmodified	Modified	Discarded	Insertions	Deletions	Substitutions	Only Insertions	Only Deletions	Only Substitutions	Insertions and Deletions	Insertions and Substitutions	Deletions and Substitutions	Insertions Deletions and Substitutions
563NM_End_ABE8e_HEK_1_1	Reference	66.57959658	33.42040342	18791	6891	6891	4588	2303	0	48	207	2107	36	160	2048	0	12	47	0
563NM_End_ABE8e_HEK_1_2	Reference	62.84019539	37.15980461	5800	5732	5732	3602	2130	0	46	141	1984	35	111	1943	0	11	30	0
563NM_End_ABE8e_HEK_2_1	Reference	65.2586708	34.7413292	5208	5161	5161	3368	1793	0	32	150	1651	26	116	1611	0	6	34	0
563NM_End_ABE8e_HEK_2_2	Reference	67.53114671	32.46885329	3981	3933	3933	2656	1277	0	29	83	1183	24	70	1165	0	5	13	0
563NM_End_ABE8e_K562_1_1	Reference	75.40956479	24.59043521	6233	6043	6043	4557	1486	0	21	28	1449	18	19	1437	0	3	9	0
563NM_End_ABE8e_K562_1_2	Reference	57.86848073	42.13151927	4842	2205	2205	1276	929	0	14	16	906	11	12	899	0	3	4	0
563NM_End_ABE8e_K562_2_1	Reference	47.62890868	52.37109132	5002	4829	4829	2300	2529	0	50	52	2451	43	35	2427	0	7	17	0
563NM_End_ABE8e_K562_2_2	Reference	59.9840468	40.0159532	3906	3761	3761	2256	1505	0	32	34	1458	24	23	1439	0	8	11	0
563NM_Rep_ABE8e_HEK_1_1	Reference	58.48176928	41.51823072	8447	8365	8365	4892	3473	0	93	77	3343	74	56	3303	0	19	21	0
563NM_Rep_ABE8e_HEK_1_2	Reference	53.71368934	46.28631066	5799	5749	5749	3088	2661	0	68	58	2579	41	41	2535	0	27	17	0
563NM_Rep_ABE8e_HEK_2_1	Reference	57.45291256	42.54708744	8089	8017	8017	4606	3411	0	84	64	3315	59	37	3263	0	25	27	0
563NM_Rep_ABE8e_HEK_2_2	Reference	58.43018058	41.56981942	5631	5593	5593	3268	2325	0	57	72	2237	38	50	2196	0	19	22	0
563NM_Rep_ABE8e_K562_1_1	Reference	80.87098692	19.12901308	6784	6728	6728	5441	1287	0	13	27	1256	7	24	1247	0	6	3	0
563NM_Rep_ABE8e_K562_1_2	Reference	64.23616027	35.76383973	7132	7063	7063	4537	2526	0	38	25	2475	32	19	2463	0	6	6	0
563NM_Rep_ABE8e_K562_2_1	Reference	57.91666667	42.08333333	6789	6720	6720	3892	2828	0	35	56	2758	31	39	2737	0	4	17	0
563NM_Rep_ABE8e_K562_2_2	Reference	65.47819802	34.52180198	8383	8302	8302	5436	2866	0	43	44	2794	38	34	2779	0	5	10	0
564NM_End_ABE8e_HEK_1_1	Reference	50.53974485	49.46025515	9426	9171	9171	4635	4536	0	71	29	4487	36	13	4436	0	35	16	0
564NM_End_ABE8e_HEK_1_2	Reference	39.83880967	60.16119033	8124	8065	8065	3213	4852	0	81	29	4792	45	15	4742	0	36	14	0
564NM_End_ABE8e_HEK_2_1	Reference	54.90943756	45.09056244	10615	10490	10490	5760	4730	0	75	22	4678	43	9	4633	0	32	13	0
564NM_End_ABE8e_HEK_2_2	Reference	46.07661246	53.92338754	9286	9163	9163	4222	4941	0	74	43	4875	45	21	4824	0	29	22	0
564NM_End_ABE8e_K562_1_1	Reference	24.77905806	75.22094194	9174	8939	8939	2215	6724	0	21	18	6710	7	7	6685	0	14	11	0
564NM_End_ABE8e_K562_1_2	Reference	18.17365653	81.82634347	9820	7797	7797	1417	6380	0	31	22	6367	7	6	6328	0	23	15	1
564NM_End_ABE8e_K562_2_1	Reference	16.73257756	83.26742244	11596	11379	11379	1904	9475	0	46	34	9457	6	12	9395	0	40	22	0
564NM_End_ABE8e_K562_2_2	Reference	17.35062726	82.64937274	4787	4703	4703	816	3887	0	15	15	3877	2	8	3857	0	13	7	0
564NM_Rep_ABE8e_HEK_1_1	Reference	49.76708075	50.23291925	1365	1288	1288	641	647	0	14	4	644	1	2	629	0	13	2	0
564NM_Rep_ABE8e_HEK_1_2	Reference	41.27190699	58.72809301	11697	11526	11526	4757	6769	0	105	44	6689	60	20	6621	0	44	23	1
564NM_Rep_ABE8e_HEK_2_1	Reference	55.36446355	44.63553645	10533	10001	10001	5537	4464	0	58	32	4418	26	20	4375	0	31	11	1
564NM_Rep_ABE8e_HEK_2_2	Reference	44.46791227	55.53208773	12475	12310	12310	5474	6836	0	135	71	6730	74	32	6631	0	60	38	1
564NM_Rep_ABE8e_K562_1_1	Reference	76.55690453	23.44309547	11612	11449	11449	8765	2684	0	50	31	2641	23	20	2603	0	27	11	0
564NM_Rep_ABE8e_K562_1_2	Reference	61.98647506	38.01352494	12010	11830	11830	7333	4497	0	50	32	4452	27	18	4415	0	23	14	0
564NM_Rep_ABE8e_K562_2_1	Reference	56.78297872	43.21702128	11903	11750	11750	6672	5078	0	68	38	5022	44	12	4972	0	24	26	0
564NM_Rep_ABE8e_K562_2_2	Reference	57.39791409	42.60208591	17296	16971	16971	9741	7230	0	95	59	7147	49	34	7079	0	43	22	3
565NM_End_ABE8e_HEK_1_1	Reference	55.83639081	44.16360919	14771	14718	14718	8218	6500	0	31	48	6450	18	32	6421	0	13	16	0
565NM_End_ABE8e_HEK_1_2	Reference	53.31032319	46.68967681	16006	15935	15935	8495	7440	0	37	50	7394	21	25	7353	0	16	25	0
565NM_End_ABE8e_HEK_2_1	Reference	62.94605226	37.05394774	25007	14236	14236	8961	5275	0	18	26	5243	12	20	5231	0	6	6	0
565NM_End_ABE8e_HEK_2_2	Reference	59.37172775	40.62827225	10558	10505	10505	6237	4268	0	32	35	4223	23	22	4201	0	9	13	0
565NM_End_ABE8e_K562_1_1	Reference	78.44772698	21.55227302	15781	15706	15706	12321	3385	0	9	18	3369	7	9	3358	0	2	9	0
565NM_End_ABE8e_K562_1_2	Reference	73.91604768	26.08395232	11605	11578	11578	8558	3020	0	17	16	3000	8	12	2987	0	9	4	0
565NM_End_ABE8e_K562_2_1	Reference	66.04951877	33.95048123	13681	13611	13611	8990	4621	0	10	14	4609	4	8	4597	0	6	6	0
565NM_End_ABE8e_K562_2_2	Reference	63.41463415	36.58536585	6785	6765	6765	4290	2475	0	12	12	2456	10	9	2451	0	2	3	0
565NM_Rep_ABE8e_HEK_1_1	Reference	55.96564955	44.03435045	7545	5473	5473	3063	2410	0	5	8	2402	3	4	2398	1	1	3	0
565NM_Rep_ABE8e_HEK_1_2	Reference	59.33752142	40.66247858	9212	5253	5253	3117	2136	0	8	4	2126	6	4	2124	0	2	0	0
565NM_Rep_ABE8e_HEK_2_1	Reference	64.76572959	35.23427041	11400	7470	7470	4838	2632	0	7	14	2621	3	8	2611	0	4	6	0
565NM_Rep_ABE8e_HEK_2_2	Reference	62.86523554	37.13476446	10061	6708	6708	4217	2491	0	8	13	2475	4	12	2470	0	4	1	0
565NM_Rep_ABE8e_K562_1_1	Reference	80.67640048	19.32359952	9036	6712	6712	5415	1297	0	3	7	1290	2	5	1287	0	1	2	0
565NM_Rep_ABE8e_K562_1_2	Reference	75.55555556	24.44444444	9537	5445	5445	4114	1331	0	3	5	1326	2	3	1323	0	1	2	0
565NM_Rep_ABE8e_K562_2_1	Reference	69.37811952	30.62188048	9770	7413	7413	5143	2270	0	4	10	2258	4	8	2256	0	0	2	0
565NM_Rep_ABE8e_K562_2_2	Reference	65.30759084	34.69240916	14372	8339	8339	5446	2893	0	5	13	2878	5	10	2875	0	0	3	0
566NM_End_ABE8e_HEK_1_1	Reference	57.08888447	42.91111553	10166	10058	10058	5742	4316	0	39	62	4240	34	42	4215	0	5	20	0
566NM_End_ABE8e_HEK_1_2	Reference	50.61565937	49.38434063	10813	10639	10639	5385	5254	0	16	93	5166	13	75	5145	0	3	18	0
566NM_End_ABE8e_HEK_2_1	Reference	60.116267	39.883733	9737	9633	9633	5791	3842	0	29	68	3774	20	48	3745	0	9	20	0
566NM_End_ABE8e_HEK_2_2	Reference	52.95789901	47.04210099	7472	7387	7387	3912	3475	0	33	76	3396	25	54	3366	0	8	22	0
566NM_End_ABE8e_K562_1_1	Reference	80.95551895	19.04448105	12325	12140	12140	9828	2312	0	4	26	2286	4	22	2282	0	0	4	0
566NM_End_ABE8e_K562_1_2	Reference	74.11786964	25.88213036	10720	10571	10571	7835	2736	0	15	33	2698	12	26	2688	0	3	7	0
566NM_End_ABE8e_K562_2_1	Reference	69.87213357	30.12786643	9604	9463	9463	6612	2851	0	7	34	2825	6	20	2810	0	1	14	0
566NM_End_ABE8e_K562_2_2	Reference	64.01359327	35.98640673	5707	5591	5591	3579	2012	0	4	30	1988	3	21	1978	0	1	9	0
566NM_Rep_ABE8e_HEK_1_1	Reference	67.97620911	32.02379089	6492	6389	6389	4343	2046	0	20	56	1998	12	36	1970	0	8	20	0
566NM_Rep_ABE8e_HEK_1_2	Reference	58.69214543	41.30785457	8141	8059	8059	4730	3329	0	41	89	3241	29	59	3199	0	12	30	0
566NM_Rep_ABE8e_HEK_2_1	Reference	62.61682243	37.38317757	767	749	749	469	280	0	1	6	274	1	5	273	0	0	1	0
566NM_Rep_ABE8e_HEK_2_2	Reference	58.21412438	41.78587562	6713	6641	6641	3866	2775	0	30	81	2695	24	56	2664	0	6	25	0
566NM_Rep_ABE8e_K562_1_1	Reference	82.77049545	17.22950455	9080	9002	9002	7451	1551	0	12	25	1529	6	16	1514	0	6	9	0
566NM_Rep_ABE8e_K562_1_2	Reference	78.75566399	21.24433601	5792	5738	5738	4519	1219	0	9	27	1195	4	20	1183	0	5	7	0
566NM_Rep_ABE8e_K562_2_1	Reference	77.32197024	22.67802976	6981	6923	6923	5353	1570	0	14	26	1542	9	19	1530	0	5	7	0
566NM_Rep_ABE8e_K562_2_2	Reference	71.65048544	28.34951456	10962	10815	10815	7749	3066	0	26	79	3001	15	50	2961	0	11	29	0
567NM_End_ABE8e_HEK_1_1	Reference	0.10566038	99.89433962	6756	6625	6625	7	6618	0	21	33	6602	2	14	6564	0	19	19	0
567NM_End_ABE8e_HEK_1_2	Reference	0.09390553	99.90609447	10802	10649	10649	10	10639	0	45	84	10592	0	47	10510	0	45	37	0
567NM_End_ABE8e_HEK_2_1	Reference	0.13550136	99.86449864	8246	8118	8118	11	8107	0	18	50	8075	0	32	8039	0	18	18	0
567NM_End_ABE8e_HEK_2_2	Reference	0.08358409	99.91641591	6075	5982	5982	5	5977	0	25	49	5949	0	28	5903	0	25	21	0
567NM_End_ABE8e_K562_1_1	Reference	0.17663163	99.82336837	11534	11323	11323	20	11303	0	0	11	11298	0	5	11292	0	0	6	0
567NM_End_ABE8e_K562_1_2	Reference	0.16776358	99.83223642	7911	7749	7749	13	7736	0	1	9	7730	0	6	7726	0	1	3	0
567NM_End_ABE8e_K562_2_1	Reference	0.10829836	99.89170164	7525	7387	7387	8	7379	0	9	16	7375	0	4	7354	0	9	12	0
567NM_End_ABE8e_K562_2_2	Reference	0.14140938	99.85859062	4306	4243	4243	6	4237	0	1	2	4236	0	1	4234	0	1	1	0
567NM_Rep_ABE8e_HEK_1_1	Reference	54.39454831	45.60545169	12504	5723	5723	3113	2610	0	25	29	2582	10	18	2556	0	15	11	0
567NM_Rep_ABE8e_HEK_1_2	Reference	40.40576119	59.59423881	6514	6457	6457	2609	3848	0	36	32	3810	17	21	3780	0	19	11	0
567NM_Rep_ABE8e_HEK_2_1	Reference	59.9382716	40.0617284	8188	8100	8100	4855	3245	0	22	50	3208	9	28	3173	0	13	22	0
567NM_Rep_ABE8e_HEK_2_2	Reference	41.26537265	58.73462735	6825	6749	6749	2785	3964	0	34	57	3918	11	35	3873	0	23	22	0
567NM_Rep_ABE8e_K562_1_1	Reference	80.01293661	19.98706339	7798	7730	7730	6185	1545	0	10	5	1537	5	3	1530	0	5	2	0
567NM_Rep_ABE8e_K562_1_2	Reference	57.64690451	42.35309549	7704	7624	7624	4395	3229	0	11	19	3215	4	10	3199	0	7	9	0
567NM_Rep_ABE8e_K562_2_1	Reference	60.85808581	39.14191419	7650	7575	7575	4610	2965	0	15	11	2955	4	6	2939	0	11	5	0
567NM_Rep_ABE8e_K562_2_2	Reference	54.98440053	45.01559947	6793	6731	6731	3701	3030	0	13	10	3022	4	4	3007	0	9	6	0
568NM_End_ABE8e_HEK_1_1	Reference	62.01015493	37.98984507	7701	7681	7681	4763	2918	0	24	61	2875	3	40	2833	0	21	21	0
568NM_End_ABE8e_HEK_1_2	Reference	60.19501004	39.80498996	10512	10461	10461	6297	4164	0	29	112	4114	6	44	4023	0	23	68	0
568NM_End_ABE8e_HEK_2_1	Reference	64.92814094	35.07185906	8660	8628	8628	5602	3026	0	13	64	2986	2	38	2949	0	11	26	0
568NM_End_ABE8e_HEK_2_2	Reference	53.515625	46.484375	8496	8448	8448	4521	3927	0	46	110	3849	6	72	3771	0	40	38	0
568NM_End_ABE8e_K562_1_1	Reference	63.00945549	36.99054451	12316	12268	12268	7730	4538	0	12	55	4502	2	34	4471	0	10	21	0
568NM_End_ABE8e_K562_1_2	Reference	54.86197685	45.13802315	11257	11230	11230	6161	5069	0	21	50	5027	10	32	4998	0	11	18	0
568NM_End_ABE8e_K562_2_1	Reference	51.71277339	48.28722661	10058	10013	10013	5178	4835	0	12	58	4792	2	41	4765	0	10	17	0
568NM_End_ABE8e_K562_2_2	Reference	55.32943784	44.67056216	4984	4963	4963	2746	2217	0	12	19	2201	3	13	2186	0	9	6	0
568NM_Rep_ABE8e_HEK_1_1	Reference	59.80170683	40.19829317	8029	7968	7968	4765	3203	0	14	65	3156	4	43	3124	0	10	22	0
568NM_Rep_ABE8e_HEK_1_2	Reference	62.35200213	37.64799787	7580	7517	7517	4687	2830	0	16	53	2795	5	30	2761	0	11	23	0
568NM_Rep_ABE8e_HEK_2_1	Reference	64.82758621	35.17241379	7784	7685	7685	4982	2703	0	7	52	2673	0	30	2644	0	7	22	0
568NM_Rep_ABE8e_HEK_2_2	Reference	59.42028986	40.57971014	6751	6693	6693	3977	2716	0	27	72	2676	4	36	2617	0	23	36	0
568NM_Rep_ABE8e_K562_1_1	Reference	68.61404599	31.38595401	8115	8045	8045	5520	2525	0	9	56	2487	6	32	2460	0	3	24	0
568NM_Rep_ABE8e_K562_1_2	Reference	64.86030829	35.13969171	4187	4152	4152	2693	1459	0	6	32	1434	3	22	1421	0	3	10	0
568NM_Rep_ABE8e_K562_2_1	Reference	57.42864424	42.57135576	7923	7848	7848	4507	3341	0	9	48	3313	2	26	3284	0	7	22	0
568NM_Rep_ABE8e_K562_2_2	Reference	62.09131905	37.90868095	7169	7096	7096	4406	2690	0	17	57	2649	3	37	2617	1	13	19	0
569NM_End_ABE8e_HEK_1_1	Reference	59.59868477	40.40131523	11896	11861	11861	7069	4792	0	209	265	4636	58	98	4321	0	148	164	3
569NM_End_ABE8e_HEK_1_2	Reference	62.30545235	37.69454765	9985	9959	9959	6205	3754	0	166	168	3643	53	58	3423	0	110	107	3
569NM_End_ABE8e_HEK_2_1	Reference	64.6294514	35.3705486	12499	12468	12468	8058	4410	0	207	240	4211	85	114	3964	0	121	125	1
569NM_End_ABE8e_HEK_2_2	Reference	62.63216711	37.36783289	11668	11633	11633	7286	4347	0	201	191	4215	68	64	3957	0	131	125	2
569NM_End_ABE8e_K562_1_1	Reference	80.2919708	19.7080292	11578	11508	11508	9240	2268	0	116	53	2221	32	15	2099	0	84	38	0
569NM_End_ABE8e_K562_1_2	Reference	66.75207106	33.24792894	11770	11709	11709	7816	3893	0	190	92	3816	35	42	3612	0	154	49	1
569NM_End_ABE8e_K562_2_1	Reference	62.81115314	37.18884686	11430	11369	11369	7141	4228	0	258	118	4136	56	36	3852	0	202	82	0
569NM_End_ABE8e_K562_2_2	Reference	62.21094191	37.78905809	7111	7092	7092	4412	2680	0	92	62	2633	29	18	2526	0	63	44	0
569NM_Rep_ABE8e_HEK_1_1	Reference	59.59616561	40.40383439	9995	9806	9806	5844	3962	0	138	136	3844	59	59	3692	0	75	73	4
569NM_Rep_ABE8e_HEK_1_2	Reference	57.40657362	42.59342638	9115	8884	8884	5100	3784	0	126	69	3711	44	29	3591	0	80	38	2
569NM_Rep_ABE8e_HEK_2_1	Reference	60.4059756	39.5940244	19416	8769	8769	5297	3472	0	111	107	3364	57	49	3258	2	50	54	2
569NM_Rep_ABE8e_HEK_2_2	Reference	57.46799431	42.53200569	9332	9139	9139	5252	3887	0	157	145	3742	62	82	3588	1	92	60	2
569NM_Rep_ABE8e_K562_1_1	Reference	81.33233905	18.66766095	8149	8046	8046	6544	1502	0	53	28	1482	8	12	1423	0	43	14	2
569NM_Rep_ABE8e_K562_1_2	Reference	67.82329563	32.17670437	6670	6542	6542	4437	2105	0	58	53	2068	10	27	1996	0	46	24	2
569NM_Rep_ABE8e_K562_2_1	Reference	61.91293685	38.08706315	8265	8155	8155	5049	3106	0	91	58	3060	26	20	2960	0	62	35	3
569NM_Rep_ABE8e_K562_2_2	Reference	63.87975146	36.12024854	11123	10944	10944	6991	3953	0	93	80	3897	28	27	3784	1	61	49	3
570NM_End_ABE8e_HEK_1_1	Reference	55.24175662	44.75824338	13909	13526	13526	7472	6054	0	82	46	5957	62	35	5926	0	20	11	0
570NM_End_ABE8e_HEK_1_2	Reference	90.69864567	9.30135433	17874	16761	16761	15202	1559	0	5	17	1545	1	13	1537	0	4	4	0
570NM_End_ABE8e_HEK_2_1	Reference	60.75268817	39.24731183	13816	13206	13206	8023	5183	0	48	58	5106	32	45	5077	0	16	13	0
570NM_End_ABE8e_HEK_2_2	Reference	51.10333692	48.89666308	11862	11148	11148	5697	5451	0	61	74	5345	48	58	5317	0	12	15	1
570NM_End_ABE8e_K562_1_1	Reference	73.23276082	26.76723918	20387	19621	19621	14369	5252	0	28	62	5181	17	54	5162	0	11	8	0
570NM_End_ABE8e_K562_1_2	Reference	61.67127072	38.32872928	17563	15928	15928	9823	6105	0	43	78	6006	28	71	5984	0	15	7	0
570NM_End_ABE8e_K562_2_1	Reference	68.99204476	31.00795524	11802	11439	11439	7892	3547	0	28	41	3493	21	33	3478	0	7	8	0
570NM_End_ABE8e_K562_2_2	Reference	68.99449878	31.00550122	14236	13088	13088	9030	4058	0	36	35	4008	21	29	3987	0	15	6	0
570NM_Rep_ABE8e_HEK_1_1	Reference	51.48555149	48.51444851	9856	2457	2457	1265	1192	0	19	17	1169	9	14	1158	0	8	1	2
570NM_Rep_ABE8e_HEK_1_2	Reference	88.37016575	11.62983425	7545	3620	3620	3199	421	0	3	1	419	2	0	417	0	1	1	0
570NM_Rep_ABE8e_HEK_2_1	Reference	48.85831382	51.14168618	9664	3416	3416	1669	1747	0	19	18	1723	11	13	1710	0	8	5	0
570NM_Rep_ABE8e_HEK_2_2	Reference	47.2040108	52.7959892	9534	5186	5186	2448	2738	0	48	43	2685	21	32	2648	0	26	10	1
570NM_Rep_ABE8e_K562_1_1	Reference	73.25944871	26.74055129	6320	3519	3519	2578	941	0	6	5	934	2	5	930	0	4	0	0
570NM_Rep_ABE8e_K562_1_2	Reference	57.92915531	42.07084469	5127	1835	1835	1063	772	0	8	8	762	4	6	756	0	4	2	0
570NM_Rep_ABE8e_K562_2_1	Reference	68.58522094	31.41477906	10160	5386	5386	3694	1692	0	22	18	1671	11	10	1655	0	8	5	3
570NM_Rep_ABE8e_K562_2_2	Reference	67.0504386	32.9495614	8688	3648	3648	2446	1202	0	7	3	1196	4	2	1192	0	3	1	0
571NM_End_ABE8e_HEK_1_1	Reference	53.30563584	46.69436416	5566	5536	5536	2951	2585	0	21	92	2506	14	65	2472	0	7	27	0
571NM_End_ABE8e_HEK_1_2	Reference	51.69724108	48.30275892	7038	6923	6923	3579	3344	0	51	116	3254	22	68	3180	0	26	45	3
571NM_End_ABE8e_HEK_2_1	Reference	68.19844172	31.80155828	6331	6289	6289	4289	2000	0	28	77	1928	21	51	1895	0	7	26	0
571NM_End_ABE8e_HEK_2_2	Reference	54.24462441	45.75537559	7238	7162	7162	3885	3277	0	52	93	3194	23	60	3132	0	29	33	0
571NM_End_ABE8e_K562_1_1	Reference	64.912847	35.087153	6305	6196	6196	4022	2174	0	33	55	2144	14	16	2086	0	19	39	0
571NM_End_ABE8e_K562_1_2	Reference	60.43343653	39.56656347	6614	6460	6460	3904	2556	0	28	40	2519	18	19	2488	0	10	21	0
571NM_End_ABE8e_K562_2_1	Reference	77.25631769	22.74368231	7044	6925	6925	5350	1575	0	13	45	1544	6	25	1517	0	7	20	0
571NM_End_ABE8e_K562_2_2	Reference	58.73735085	41.26264915	6717	6621	6621	3889	2732	0	36	39	2702	10	20	2657	0	26	19	0
571NM_Rep_ABE8e_HEK_1_1	Reference	48.05108167	51.94891833	10530	10493	10493	5042	5451	0	92	97	5359	44	48	5262	0	48	49	0
571NM_Rep_ABE8e_HEK_1_2	Reference	43.95237565	56.04762435	9055	8987	8987	3950	5037	0	61	84	4961	26	50	4893	0	34	33	1
571NM_Rep_ABE8e_HEK_2_1	Reference	60.60577732	39.39422268	10742	10697	10697	6483	4214	0	71	74	4143	34	37	4069	0	37	37	0
571NM_Rep_ABE8e_HEK_2_2	Reference	44.89063376	55.10936624	8961	8915	8915	4002	4913	0	63	94	4822	31	60	4756	0	32	34	0
571NM_Rep_ABE8e_K562_1_1	Reference	72.77557825	27.22442175	9661	9598	9598	6985	2613	0	41	54	2574	12	25	2521	2	26	26	1
571NM_Rep_ABE8e_K562_1_2	Reference	65.72630103	34.27369897	5763	5707	5707	3751	1956	0	27	24	1937	9	10	1905	0	18	14	0
571NM_Rep_ABE8e_K562_2_1	Reference	81.95949644	18.04050356	9187	9135	9135	7487	1648	0	23	40	1620	6	22	1585	0	17	18	0
571NM_Rep_ABE8e_K562_2_2	Reference	63.74913853	36.25086147	10231	10157	10157	6475	3682	0	35	65	3639	10	33	3584	0	23	30	2
572NM_End_ABE8e_HEK_1_1	Reference	62.89508632	37.10491368	11345	11295	11295	7104	4191	0	25	59	4148	5	38	4107	0	20	21	0
572NM_End_ABE8e_HEK_1_2	Reference	57.03381869	42.96618131	8552	8516	8516	4857	3659	0	34	41	3622	10	27	3584	0	24	14	0
572NM_End_ABE8e_HEK_2_1	Reference	69.29908024	30.70091976	9496	9459	9459	6555	2904	0	33	61	2842	15	47	2810	0	18	14	0
572NM_End_ABE8e_HEK_2_2	Reference	63.1987137	36.8012863	10630	10573	10573	6682	3891	0	37	73	3841	15	35	3781	0	22	38	0
572NM_End_ABE8e_K562_1_1	Reference	77.54505032	22.45494968	8571	8546	8546	6627	1919	0	4	17	1909	0	10	1898	0	4	7	0
572NM_End_ABE8e_K562_1_2	Reference	63.74816446	36.25183554	10957	10896	10896	6946	3950	0	11	23	3932	5	13	3916	0	6	10	0
572NM_End_ABE8e_K562_2_1	Reference	85.06459948	14.93540052	9721	9675	9675	8230	1445	0	13	5	1440	5	0	1427	0	8	5	0
572NM_End_ABE8e_K562_2_2	Reference	65.99069149	34.00930851	9048	9024	9024	5955	3069	0	10	16	3058	6	5	3043	0	4	11	0
572NM_Rep_ABE8e_HEK_1_1	Reference	66.24602333	33.75397667	9473	9430	9430	6247	3183	0	6	46	3148	5	30	3131	0	1	16	0
572NM_Rep_ABE8e_HEK_1_2	Reference	61.29616584	38.70383416	9979	9937	9937	6091	3846	0	16	52	3790	11	45	3778	0	5	7	0
572NM_Rep_ABE8e_HEK_2_1	Reference	71.71235955	28.28764045	11170	11125	11125	7978	3147	0	12	29	3117	10	20	3106	0	2	9	0
572NM_Rep_ABE8e_HEK_2_2	Reference	65.45569089	34.54430911	9574	9524	9524	6234	3290	0	14	71	3220	12	58	3205	0	2	13	0
572NM_Rep_ABE8e_K562_1_1	Reference	85.22242246	14.77757754	10590	10543	10543	8985	1558	0	5	6	1550	3	5	1547	0	2	1	0
572NM_Rep_ABE8e_K562_1_2	Reference	75.46391753	24.53608247	5856	5820	5820	4392	1428	0	1	13	1416	1	11	1414	0	0	2	0
572NM_Rep_ABE8e_K562_2_1	Reference	88.99990998	11.00009002	11157	11109	11109	9887	1222	0	0	15	1212	0	10	1207	0	0	5	0
572NM_Rep_ABE8e_K562_2_2	Reference	76.87414811	23.12585189	11067	11005	11005	8460	2545	0	6	14	2529	4	12	2525	0	2	2	0
573NM_End_ABE8e_HEK_1_1	Reference	66.4756447	33.5243553	11257	11168	11168	7424	3744	0	42	123	3625	25	94	3579	0	17	29	0
573NM_End_ABE8e_HEK_1_2	Reference	63.44817497	36.55182503	13714	13671	13671	8674	4997	0	39	125	4873	27	94	4836	3	9	28	0
573NM_End_ABE8e_HEK_2_1	Reference	75.14619883	24.85380117	1718	1710	1710	1285	425	0	4	19	407	4	14	402	0	0	5	0
573NM_End_ABE8e_HEK_2_2	Reference	64.79233227	35.20766773	1581	1565	1565	1014	551	0	6	20	532	4	15	525	0	2	5	0
573NM_End_ABE8e_K562_1_1	Reference	83.03363458	16.96636542	10775	10733	10733	8912	1821	0	2	20	1808	1	12	1799	0	1	8	0
573NM_End_ABE8e_K562_1_2	Reference	84.87544484	15.12455516	11831	11802	11802	10017	1785	0	6	21	1769	5	11	1758	0	1	10	0
573NM_End_ABE8e_K562_2_1	Reference	87.28964561	12.71035439	10161	10102	10102	8818	1284	0	6	12	1271	4	9	1266	0	2	3	0
573NM_End_ABE8e_K562_2_2	Reference	82.53383666	17.46616334	10895	10861	10861	8964	1897	0	6	19	1878	4	15	1872	0	2	4	0
573NM_Rep_ABE8e_HEK_1_1	Reference	55.76493925	44.23506075	9970	4033	4033	2249	1784	0	4	21	1770	4	10	1759	0	0	11	0
573NM_Rep_ABE8e_HEK_1_2	Reference	49.39605849	50.60394151	10801	4719	4719	2331	2388	0	8	21	2369	4	15	2359	0	4	6	0
573NM_Rep_ABE8e_HEK_2_1	Reference	64.60311432	35.39688568	8710	2633	2633	1701	932	0	4	9	924	2	6	919	0	2	3	0
573NM_Rep_ABE8e_HEK_2_2	Reference	51.06613661	48.93386339	10190	2767	2767	1413	1354	0	10	14	1341	4	9	1330	0	6	5	0
573NM_Rep_ABE8e_K562_1_1	Reference	76.36778116	23.63221884	10355	5264	5264	4020	1244	0	5	7	1235	3	6	1232	0	2	1	0
573NM_Rep_ABE8e_K562_1_2	Reference	73.9758096	26.0241904	11399	5126	5126	3792	1334	0	4	7	1327	2	5	1323	0	2	2	0
573NM_Rep_ABE8e_K562_2_1	Reference	81.4365492	18.5634508	10417	5193	5193	4229	964	0	1	6	962	0	2	957	0	1	4	0
573NM_Rep_ABE8e_K562_2_2	Reference	72.62414923	27.37585077	9736	3967	3967	2881	1086	0	6	9	1075	4	7	1071	0	2	2	0
574NM_End_ABE8e_HEK_1_1	Reference	63.62399505	36.37600495	16843	8085	8085	5144	2941	0	44	59	2876	28	37	2838	0	16	22	0
574NM_End_ABE8e_HEK_1_2	Reference	58.68760373	41.31239627	7861	7833	7833	4597	3236	0	52	46	3168	38	30	3138	0	14	16	0
574NM_End_ABE8e_HEK_2_1	Reference	65.86099474	34.13900526	9388	9309	9309	6131	3178	0	45	43	3119	26	33	3090	0	19	10	0
574NM_End_ABE8e_HEK_2_2	Reference	62.0864461	37.9135539	7542	7496	7496	4654	2842	0	58	45	2769	41	32	2739	0	17	13	0
574NM_End_ABE8e_K562_1_1	Reference	80.91290554	19.08709446	9815	9771	9771	7906	1865	0	15	33	1830	11	24	1817	0	4	9	0
574NM_End_ABE8e_K562_1_2	Reference	72.75399596	27.24600404	5509	5443	5443	3960	1483	0	23	20	1458	17	8	1440	0	6	12	0
574NM_End_ABE8e_K562_2_1	Reference	80.54153281	19.45846719	6580	6537	6537	5265	1272	0	11	19	1261	4	7	1242	0	7	12	0
574NM_End_ABE8e_K562_2_2	Reference	77.71364737	22.28635263	5399	5371	5371	4174	1197	0	12	18	1181	3	13	1167	0	9	5	0
574NM_Rep_ABE8e_HEK_1_1	Reference	56.85616438	43.14383562	15256	14600	14600	8301	6299	0	157	169	6051	120	128	5973	0	37	41	0
574NM_Rep_ABE8e_HEK_1_2	Reference	55.06768899	44.93231101	17395	16694	16694	9193	7501	0	221	203	7194	162	145	7077	0	59	58	0
574NM_Rep_ABE8e_HEK_2_1	Reference	60.93167137	39.06832863	11668	10991	10991	6697	4294	0	77	129	4144	57	92	4090	1	18	35	1
574NM_Rep_ABE8e_HEK_2_2	Reference	56.01083409	43.98916591	15147	14399	14399	8065	6334	0	190	175	6075	137	122	5970	0	52	52	1
574NM_Rep_ABE8e_K562_1_1	Reference	73.53233831	26.46766169	12612	12060	12060	8868	3192	0	50	83	3120	25	47	3059	0	25	36	0
574NM_Rep_ABE8e_K562_1_2	Reference	62.15079603	37.84920397	13836	13316	13316	8276	5040	0	78	121	4920	38	82	4841	0	40	39	0
574NM_Rep_ABE8e_K562_2_1	Reference	74.4154924	25.5845076	13400	12703	12703	9453	3250	0	50	82	3175	25	50	3118	0	25	32	0
574NM_Rep_ABE8e_K562_2_2	Reference	67.3177267	32.6822733	14838	14182	14182	9547	4635	0	75	104	4530	38	67	4456	0	37	37	0
575NM_End_ABE8e_HEK_1_1	Reference	76.56371084	23.43628916	9083	9033	9033	6916	2117	0	18	30	2082	16	19	2069	0	2	11	0
575NM_End_ABE8e_HEK_1_2	Reference	96.74392312	3.25607688	8891	8845	8845	8557	288	0	0	2	286	0	2	286	0	0	0	0
575NM_End_ABE8e_HEK_2_1	Reference	76.70946551	23.29053449	3421	3349	3349	2569	780	0	1	12	770	1	9	767	0	0	3	0
575NM_End_ABE8e_HEK_2_2	Reference	80.3562341	19.6437659	5958	5895	5895	4737	1158	0	9	28	1124	8	26	1121	0	1	2	0
575NM_End_ABE8e_K562_1_1	Reference	94.53055802	5.46944198	9125	9032	9032	8538	494	0	0	5	490	0	4	489	0	0	1	0
575NM_End_ABE8e_K562_2_1	Reference	94.57411337	5.42588663	6649	6598	6598	6240	358	0	0	8	351	0	7	350	0	0	1	0
575NM_End_ABE8e_K562_2_2	Reference	92.80137414	7.19862586	6451	6404	6404	5943	461	0	0	3	458	0	3	458	0	0	0	0
575NM_Rep_ABE8e_HEK_1_1	Reference	67.44444444	32.55555556	1405	900	900	607	293	0	0	5	289	0	4	288	0	0	1	0
575NM_Rep_ABE8e_HEK_1_2	Reference	97.28978457	2.71021543	2004	1439	1439	1400	39	0	0	0	39	0	0	39	0	0	0	0
575NM_Rep_ABE8e_HEK_2_1	Reference	70.49221497	29.50778503	7094	3982	3982	2807	1175	0	6	22	1157	3	15	1147	0	3	7	0
575NM_Rep_ABE8e_HEK_2_2	Reference	71.96551724	28.03448276	10840	5800	5800	4174	1626	0	8	25	1600	5	21	1593	0	3	4	0
575NM_Rep_ABE8e_K562_1_1	Reference	84.74455671	15.25544329	9090	7027	7027	5955	1072	0	2	7	1064	1	7	1063	0	1	0	0
575NM_Rep_ABE8e_K562_2_1	Reference	84.78072456	15.21927544	9186	5769	5769	4891	878	0	2	2	874	2	2	874	0	0	0	0
575NM_Rep_ABE8e_K562_2_2	Reference	78.83867833	21.16132167	13010	8232	8232	6490	1742	0	3	12	1730	3	9	1727	0	0	3	0
576NM_End_ABE8e_HEK_1_1	Reference	65.3164557	34.6835443	13618	13430	13430	8772	4658	0	69	195	4481	59	118	4395	0	9	76	1
576NM_End_ABE8e_HEK_1_2	Reference	63.10072027	36.89927973	17285	16938	16938	10688	6250	0	46	304	6012	37	201	5900	0	9	103	0
576NM_End_ABE8e_HEK_2_1	Reference	70.69748246	29.30251754	20967	12115	12115	8565	3550	0	35	196	3417	27	106	3320	0	7	89	1
576NM_End_ABE8e_HEK_2_2	Reference	60.60667891	39.39332109	24916	14703	14703	8911	5792	0	55	239	5594	43	155	5498	0	12	84	0
576NM_End_ABE8e_K562_1_1	Reference	89.21259205	10.78740795	12550	12357	12357	11024	1333	0	2	38	1295	2	36	1293	0	0	2	0
576NM_End_ABE8e_K562_2_1	Reference	88.01289203	11.98710797	16350	16134	16134	14200	1934	0	9	68	1882	6	46	1857	0	3	22	0
576NM_End_ABE8e_K562_2_2	Reference	79.11278631	20.88721369	17478	17245	17245	13643	3602	0	19	87	3539	9	54	3496	0	10	33	0
576NM_Rep_ABE8e_HEK_1_1	Reference	57.44213887	42.55786113	7361	5012	5012	2879	2133	0	37	88	2041	27	65	2008	0	10	23	0
576NM_Rep_ABE8e_HEK_1_2	Reference	55.4779107	44.5220893	13010	8443	8443	4684	3759	0	81	123	3615	59	85	3559	0	18	34	4
576NM_Rep_ABE8e_HEK_2_1	Reference	64.36437635	35.63562365	11595	8354	8354	5377	2977	0	45	156	2812	36	129	2776	0	9	27	0
576NM_Rep_ABE8e_HEK_2_2	Reference	51.35716481	48.64283519	16216	9763	9763	5014	4749	0	76	169	4576	58	115	4504	0	18	54	0
576NM_Rep_ABE8e_K562_1_1	Reference	80.9989373	19.0010627	5983	4705	4705	3811	894	0	9	18	877	5	12	868	0	3	5	1
576NM_Rep_ABE8e_K562_2_1	Reference	82.15410108	17.84589892	8625	6035	6035	4958	1077	0	3	27	1057	0	20	1048	0	2	6	1
576NM_Rep_ABE8e_K562_2_2	Reference	66.08352144	33.91647856	10816	5316	5316	3513	1803	0	5	33	1789	1	13	1766	0	3	19	1
577NM_End_ABE8e_HEK_1_1	Reference	53.24142459	46.75857541	6222	6093	6093	3244	2849	0	14	100	2763	9	77	2735	0	5	23	0
577NM_End_ABE8e_HEK_1_2	Reference	47.0677393	52.9322607	8864	8577	8577	4037	4540	0	30	157	4402	19	119	4354	0	10	37	1
577NM_End_ABE8e_HEK_2_1	Reference	61.21621622	38.78378378	5350	5180	5180	3171	2009	0	11	53	1966	9	34	1945	0	2	19	0
577NM_End_ABE8e_HEK_2_2	Reference	46.55641142	53.44358858	9050	8828	8828	4110	4718	0	32	116	4607	23	88	4570	0	9	28	0
577NM_End_ABE8e_K562_1_1	Reference	85.22308637	14.77691363	5011	4886	4886	4164	722	0	2	15	711	0	11	705	0	2	4	0
577NM_End_ABE8e_K562_2_1	Reference	88.84872825	11.15127175	7602	7470	7470	6637	833	0	1	12	826	1	6	820	0	0	6	0
577NM_End_ABE8e_K562_2_2	Reference	75.73755015	24.26244985	8665	8474	8474	6418	2056	0	11	27	2029	10	17	2018	0	1	10	0
577NM_Rep_ABE8e_HEK_1_1	Reference	46.8494126	53.1505874	7209	2809	2809	1316	1493	0	8	16	1475	6	12	1469	0	2	4	0
577NM_Rep_ABE8e_HEK_1_2	Reference	36.52048886	63.47951114	10898	4173	4173	1524	2649	0	18	38	2616	13	20	2593	0	5	18	0
577NM_Rep_ABE8e_HEK_2_1	Reference	58.50202429	41.49797571	1719	494	494	289	205	0	0	2	204	0	1	203	0	0	1	0
577NM_Rep_ABE8e_HEK_2_2	Reference	37.47954173	62.52045827	2316	611	611	229	382	0	2	4	377	2	3	376	0	0	1	0
577NM_Rep_ABE8e_K562_1_1	Reference	79.29745889	20.70254111	8140	4014	4014	3183	831	0	5	6	826	2	3	820	0	3	3	0
577NM_Rep_ABE8e_K562_2_1	Reference	85.53603259	14.46396741	8575	3927	3927	3359	568	0	0	13	560	0	8	555	0	0	5	0
577NM_Rep_ABE8e_K562_2_2	Reference	61.97468354	38.02531646	9902	1975	1975	1224	751	0	3	7	744	2	5	741	0	1	2	0
578NM_End_ABE8e_HEK_1_1	Reference	64.03837506	35.96162494	6721	6671	6671	4272	2399	0	7	68	2353	5	41	2324	0	2	27	0
578NM_End_ABE8e_HEK_1_2	Reference	59.43270972	40.56729028	8331	8285	8285	4924	3361	0	17	75	3312	12	37	3269	0	5	38	0
578NM_End_ABE8e_HEK_2_1	Reference	67.88107922	32.11892078	5872	5819	5819	3950	1869	0	4	28	1843	3	23	1837	0	1	5	0
578NM_End_ABE8e_HEK_2_2	Reference	59.02836282	40.97163718	10744	10683	10683	6306	4377	0	21	132	4280	11	86	4224	0	10	46	0
578NM_End_ABE8e_K562_1_1	Reference	87.08850779	12.91149221	5125	5073	5073	4418	655	0	3	11	649	1	5	641	0	2	6	0
578NM_End_ABE8e_K562_2_1	Reference	90.96062992	9.03937008	6436	6350	6350	5776	574	0	0	17	564	0	10	557	0	0	7	0
578NM_End_ABE8e_K562_2_2	Reference	83.34545455	16.65454545	9690	9625	9625	8022	1603	0	6	33	1574	3	26	1564	0	3	7	0
578NM_Rep_ABE8e_HEK_1_1	Reference	51.31768388	48.68231612	28109	15975	15975	8198	7777	0	24	130	7676	16	85	7623	0	8	45	0
578NM_Rep_ABE8e_HEK_1_2	Reference	43.04210641	56.95789359	18626	18382	18382	7912	10470	0	50	159	10342	33	95	10261	0	17	64	0
578NM_Rep_ABE8e_HEK_2_1	Reference	56.73873978	43.26126022	17541	17251	17251	9788	7463	0	21	100	7387	13	63	7345	0	5	34	3
578NM_Rep_ABE8e_HEK_2_2	Reference	41.96793301	58.03206699	19836	19584	19584	8219	11365	0	53	176	11224	34	107	11141	0	14	64	5
578NM_Rep_ABE8e_K562_1_1	Reference	78.40454878	21.59545122	18011	17763	17763	13927	3836	0	12	29	3812	7	17	3796	0	4	11	1
578NM_Rep_ABE8e_K562_2_1	Reference	84.13730458	15.86269542	21257	20917	20917	17599	3318	0	12	31	3296	8	14	3275	0	4	17	0
578NM_Rep_ABE8e_K562_2_2	Reference	69.47996132	30.52003868	18843	18614	18614	12933	5681	0	10	58	5645	7	29	5613	0	3	29	0
579NM_End_ABE8e_HEK_1_1	Reference	60.42434505	39.57565495	10088	10039	10039	6066	3973	0	34	197	3844	23	106	3743	0	10	90	1
579NM_End_ABE8e_HEK_1_2	Reference	51.01898102	48.98101898	10027	10010	10010	5107	4903	0	46	254	4727	26	150	4603	0	20	104	0
579NM_End_ABE8e_HEK_2_1	Reference	66.76040495	33.23959505	10710	10668	10668	7122	3546	0	29	132	3472	20	54	3385	0	9	78	0
579NM_End_ABE8e_HEK_2_2	Reference	49.01594842	50.98405158	11808	11788	11788	5778	6010	0	48	313	5800	32	178	5649	0	16	135	0
579NM_End_ABE8e_K562_1_1	Reference	81.81049069	18.18950931	9510	9456	9456	7736	1720	0	1	25	1709	0	11	1694	0	1	14	0
579NM_End_ABE8e_K562_2_1	Reference	79.36115687	20.63884313	10987	10926	10926	8671	2255	0	3	41	2233	1	21	2211	0	2	20	0
579NM_End_ABE8e_K562_2_2	Reference	75.99553027	24.00446973	9878	9844	9844	7481	2363	0	3	65	2319	1	43	2295	0	2	22	0
579NM_Rep_ABE8e_HEK_1_1	Reference	48.13351608	51.86648392	12492	12403	12403	5970	6433	0	101	62	6357	56	20	6270	0	45	42	0
579NM_Rep_ABE8e_HEK_1_2	Reference	40.58810748	59.41189252	13862	13807	13807	5604	8203	0	147	99	8092	73	38	7967	0	64	51	10
579NM_Rep_ABE8e_HEK_2_1	Reference	54.43856555	45.56143445	12014	11907	11907	6482	5425	0	62	35	5379	38	8	5332	0	20	23	4
579NM_Rep_ABE8e_HEK_2_2	Reference	39.44448943	60.55551057	12407	12349	12349	4871	7478	0	167	83	7376	78	24	7234	0	83	53	6
579NM_Rep_ABE8e_K562_1_1	Reference	72.0241404	27.9758596	12667	12593	12593	9070	3523	0	40	31	3499	15	9	3457	0	20	17	5
579NM_Rep_ABE8e_K562_2_1	Reference	69.14718987	30.85281013	12858	12793	12793	8846	3947	0	47	44	3920	15	12	3862	0	26	26	6
579NM_Rep_ABE8e_K562_2_2	Reference	58.56509128	41.43490872	11791	11722	11722	6865	4857	0	60	52	4813	26	18	4749	0	30	30	4
580NM_End_ABE8e_HEK_1_1	Reference	80.03576447	19.96423553	7904	7829	7829	6266	1563	0	14	47	1532	9	22	1503	0	4	24	1
580NM_End_ABE8e_HEK_1_2	Reference	78.1193019	21.8806981	11586	11517	11517	8997	2520	0	25	84	2447	16	57	2412	0	8	26	1
580NM_End_ABE8e_HEK_2_1	Reference	81.03613305	18.96386695	8411	8358	8358	6773	1585	0	9	27	1560	5	20	1549	0	4	7	0
580NM_End_ABE8e_HEK_2_2	Reference	77.77475763	22.22524237	11070	11037	11037	8584	2453	0	8	86	2403	5	45	2361	0	1	39	2
580NM_End_ABE8e_K562_1_1	Reference	91.81939183	8.18060817	9877	9767	9767	8968	799	0	4	16	786	4	9	779	0	0	7	0
580NM_End_ABE8e_K562_2_1	Reference	91.71759747	8.28240253	9551	9490	9490	8704	786	0	1	15	776	0	10	770	0	1	5	0
580NM_End_ABE8e_K562_2_2	Reference	89.69099393	10.30900607	11449	11359	11359	10188	1171	0	4	29	1159	3	9	1138	0	1	20	0
580NM_Rep_ABE8e_HEK_1_1	Reference	69.02259887	30.97740113	17943	17700	17700	12217	5483	0	43	115	5372	23	88	5325	0	20	27	0
580NM_Rep_ABE8e_HEK_1_2	Reference	66.43540791	33.56459209	20027	19747	19747	13119	6628	0	49	151	6499	32	97	6428	0	17	54	0
580NM_Rep_ABE8e_HEK_2_1	Reference	69.96139469	30.03860531	22512	16319	16319	11417	4902	0	25	95	4814	20	68	4782	0	5	27	0
580NM_Rep_ABE8e_HEK_2_2	Reference	65.78779163	34.21220837	25653	18774	18774	12351	6423	0	80	108	6296	49	78	6235	0	31	30	0
580NM_Rep_ABE8e_K562_1_1	Reference	78.68479402	21.31520598	17370	17138	17138	13485	3653	0	7	21	3642	3	8	3625	0	4	13	0
580NM_Rep_ABE8e_K562_2_1	Reference	78.24691606	21.75308394	20220	19942	19942	15604	4338	0	12	35	4313	5	20	4291	0	7	15	0
580NM_Rep_ABE8e_K562_2_2	Reference	72.8231181	27.1768819	18575	18306	18306	13331	4975	0	14	50	4937	11	27	4912	0	2	22	1
581NM_End_ABE8e_HEK_1_1	Reference	69.07459868	30.92540132	6606	6354	6354	4389	1965	0	5	84	1909	3	53	1876	0	2	31	0
581NM_End_ABE8e_HEK_1_2	Reference	74.00919369	25.99080631	8142	8049	8049	5957	2092	0	12	116	2017	8	67	1964	0	4	49	0
581NM_End_ABE8e_HEK_2_1	Reference	71.04328165	28.95671835	6468	6192	6192	4399	1793	0	10	86	1729	7	57	1698	0	2	28	1
581NM_End_ABE8e_HEK_2_2	Reference	72.9449994	27.0550006	8423	8309	8309	6061	2248	0	12	110	2157	9	82	2127	0	2	27	1
581NM_End_ABE8e_K562_1_1	Reference	81.82683159	18.17316841	9628	9459	9459	7740	1719	0	6	22	1703	2	14	1692	0	3	7	1
581NM_End_ABE8e_K562_1_2	Reference	83.79486043	16.20513957	9226	9028	9028	7565	1463	0	3	24	1448	1	14	1437	0	1	9	1
581NM_End_ABE8e_K562_2_1	Reference	84.15366146	15.84633854	11085	10829	10829	9113	1716	0	6	23	1701	2	13	1689	0	2	8	2
581NM_End_ABE8e_K562_2_2	Reference	82.91644009	17.08355991	11251	11034	11034	9149	1885	0	4	36	1858	4	23	1845	0	0	13	0
581NM_Rep_ABE8e_HEK_1_1	Reference	55.2195635	44.7804365	11868	11409	11409	6300	5109	0	50	49	5073	20	16	5012	0	28	31	2
581NM_Rep_ABE8e_HEK_1_2	Reference	58.93222371	41.06777629	14669	14179	14179	8356	5823	0	65	66	5753	38	32	5693	0	26	33	1
581NM_Rep_ABE8e_HEK_2_1	Reference	56.72524646	43.27475354	12076	11665	11665	6617	5048	0	47	65	4989	29	30	4936	0	18	35	0
581NM_Rep_ABE8e_HEK_2_2	Reference	55.68896512	44.31103488	14680	13992	13992	7792	6200	0	63	112	6125	30	44	6026	1	32	67	0
581NM_Rep_ABE8e_K562_1_1	Reference	69.88626266	30.11373734	11739	11254	11254	7865	3389	0	27	24	3367	12	10	3339	0	14	13	1
581NM_Rep_ABE8e_K562_1_2	Reference	66.10337972	33.89662028	15661	15090	15090	9975	5115	0	33	38	5078	21	16	5046	0	10	20	2
581NM_Rep_ABE8e_K562_2_1	Reference	72.3785872	27.6214128	11324	10872	10872	7869	3003	0	20	25	2982	8	13	2959	0	11	11	1
581NM_Rep_ABE8e_K562_2_2	Reference	66.35667396	33.64332604	15349	14624	14624	9704	4920	0	26	57	4882	14	24	4837	0	12	33	0
582NM_End_ABE8e_HEK_1_1	Reference	64.00762931	35.99237069	8996	8913	8913	5705	3208	0	42	48	3138	35	35	3118	0	7	13	0
582NM_End_ABE8e_HEK_1_2	Reference	60.00631313	39.99368687	9605	9504	9504	5703	3801	0	63	53	3710	54	37	3685	0	9	16	0
582NM_End_ABE8e_HEK_2_1	Reference	66.77864875	33.22135125	10846	10716	10716	7156	3560	0	35	50	3502	30	28	3475	0	5	22	0
582NM_End_ABE8e_HEK_2_2	Reference	62.9753603	37.0246397	10862	10755	10755	6773	3982	0	75	63	3883	63	36	3844	0	12	27	0
582NM_End_ABE8e_K562_1_1	Reference	0.08213293	99.91786707	16027	15828	15828	13	15815	0	6	17	15808	2	5	15792	0	4	12	0
582NM_End_ABE8e_K562_1_2	Reference	0.11391811	99.88608189	15122	14923	14923	17	14906	0	32	42	14872	8	26	14832	0	24	16	0
582NM_End_ABE8e_K562_2_1	Reference	0.14144272	99.85855728	15080	14847	14847	21	14826	0	8	21	14814	2	10	14797	0	6	11	0
582NM_End_ABE8e_K562_2_2	Reference	0.25502318	99.74497682	13134	12940	12940	33	12907	0	17	20	12896	8	3	12870	0	9	17	0
582NM_Rep_ABE8e_HEK_1_1	Reference	54.63302752	45.36697248	8876	8720	8720	4764	3956	0	72	100	3847	58	51	3785	0	13	48	1
582NM_Rep_ABE8e_HEK_1_2	Reference	49.73039448	50.26960552	10695	10571	10571	5257	5314	0	117	104	5179	76	59	5093	0	41	45	0
582NM_Rep_ABE8e_HEK_2_1	Reference	56.24314776	43.75685224	8402	8209	8209	4617	3592	0	52	53	3527	37	28	3487	0	15	25	0
582NM_Rep_ABE8e_HEK_2_2	Reference	52.05321601	47.94678399	9910	9546	9546	4969	4577	0	122	88	4433	91	53	4367	0	31	35	0
582NM_Rep_ABE8e_K562_1_1	Reference	81.72442244	18.27557756	9807	9696	9696	7924	1772	0	22	46	1726	11	35	1705	0	10	10	1
582NM_Rep_ABE8e_K562_1_2	Reference	63.04347826	36.95652174	10526	10396	10396	6554	3842	0	62	101	3743	37	62	3681	0	23	37	2
582NM_Rep_ABE8e_K562_2_1	Reference	82.41680434	17.58319566	8626	8474	8474	6984	1490	0	26	32	1458	13	19	1434	0	11	11	2
582NM_Rep_ABE8e_K562_2_2	Reference	77.76759344	22.23240656	10027	9819	9819	7636	2183	0	34	46	2133	16	34	2103	0	18	12	0
569NM_Rep_ABE8eCtrl_HEK_1_1	Reference	97.45079058	2.54920942	9449	9297	9297	9060	237	0	0	7	230	0	7	230	0	0	0	0
582NM_Rep_ABE8eCtrl_HEK_1_1	Reference	95.77282995	4.22717005	9449	9297	9297	8904	393	0	1	8	384	1	8	384	0	0	0	0
569NM_Rep_ABE8eCtrl_HEK_1_2	Reference	96.77910221	3.22089779	8064	7886	7886	7632	254	0	0	1	253	0	1	253	0	0	0	0
582NM_Rep_ABE8eCtrl_HEK_1_2	Reference	96.57621101	3.42378899	8064	7886	7886	7616	270	0	4	4	262	4	4	262	0	0	0	0
569NM_Rep_ABE8eCtrl_K562_1_1	Reference	97.31891702	2.68108298	12599	11376	11376	11071	305	0	0	2	303	0	2	303	0	0	0	0
582NM_Rep_ABE8eCtrl_K562_1_1	Reference	96.53656821	3.46343179	12599	11376	11376	10982	394	0	0	7	388	0	6	387	0	0	1	0
569NM_Rep_ABE8eCtrl_K562_1_2	Reference	96.75162765	3.24837235	14868	14438	14438	13969	469	0	0	4	465	0	4	465	0	0	0	0
582NM_Rep_ABE8eCtrl_K562_1_2	Reference	97.09100984	2.90899016	14868	14438	14438	14018	420	0	4	9	411	3	6	407	0	1	3	0
563NM_Rep_ABE8eCtrl_HEK_1_1	Reference	97.42483296	2.57516704	7246	7184	7184	6999	185	0	0	4	181	0	4	181	0	0	0	0
566NM_Rep_ABE8eCtrl_HEK_1_1	Reference	96.82628062	3.17371938	7246	7184	7184	6956	228	0	1	15	212	1	15	212	0	0	0	0
563NM_Rep_ABE8eCtrl_HEK_1_2	Reference	97.64961485	2.35038515	5116	5063	5063	4944	119	0	0	4	115	0	4	115	0	0	0	0
566NM_Rep_ABE8eCtrl_HEK_1_2	Reference	97.55085917	2.44914083	5116	5063	5063	4939	124	0	0	7	118	0	6	117	0	0	1	0
563NM_Rep_ABE8eCtrl_K562_1_1	Reference	97.63033175	2.36966825	13241	12660	12660	12360	300	0	0	4	296	0	4	296	0	0	0	0
566NM_Rep_ABE8eCtrl_K562_1_1	Reference	96.84044234	3.15955766	13241	12660	12660	12260	400	0	1	36	365	1	34	363	0	0	2	0
563NM_Rep_ABE8eCtrl_K562_1_2	Reference	97.89771222	2.10228778	11417	11321	11321	11083	238	0	0	4	234	0	4	234	0	0	0	0
566NM_Rep_ABE8eCtrl_K562_1_2	Reference	97.05856373	2.94143627	11417	11321	11321	10988	333	0	5	26	304	4	25	302	0	1	1	0
567NM_Rep_ABE8eCtrl_HEK_1_1	Reference	97.10288298	2.89711702	7145	7076	7076	6871	205	0	0	0	205	0	0	205	0	0	0	0
568NM_Rep_ABE8eCtrl_HEK_1_1	Reference	96.93329565	3.06670435	7145	7076	7076	6859	217	0	0	5	212	0	5	212	0	0	0	0
567NM_Rep_ABE8eCtrl_HEK_1_2	Reference	96.63686675	3.36313325	4750	4698	4698	4540	158	0	0	2	156	0	2	156	0	0	0	0
568NM_Rep_ABE8eCtrl_HEK_1_2	Reference	97.19029374	2.80970626	4750	4698	4698	4566	132	0	0	1	131	0	1	131	0	0	0	0
567NM_Rep_ABE8eCtrl_K562_1_1	Reference	97.22405453	2.77594547	18400	18192	18192	17687	505	0	0	12	494	0	11	493	0	0	1	0
568NM_Rep_ABE8eCtrl_K562_1_1	Reference	96.7348285	3.2651715	18400	18192	18192	17598	594	0	0	7	587	0	7	587	0	0	0	0
567NM_Rep_ABE8eCtrl_K562_1_2	Reference	96.81485395	3.18514605	13415	13249	13249	12827	422	0	0	3	419	0	3	419	0	0	0	0
568NM_Rep_ABE8eCtrl_K562_1_2	Reference	97.27526606	2.72473394	13415	13249	13249	12888	361	0	0	5	356	0	5	356	0	0	0	0
578NM_Rep_ABE8eCtrl_HEK_1_1	Reference	96.65427509	3.34572491	10368	10222	10222	9880	342	0	2	5	336	2	4	335	0	0	1	0
580NM_Rep_ABE8eCtrl_HEK_1_1	Reference	97.56407748	2.43592252	10368	10222	10222	9973	249	0	0	9	241	0	8	240	0	0	1	0
578NM_Rep_ABE8eCtrl_HEK_1_2	Reference	97.49562655	2.50437345	11001	10861	10861	10589	272	0	1	3	268	1	3	268	0	0	0	0
580NM_Rep_ABE8eCtrl_HEK_1_2	Reference	97.86391677	2.13608323	11001	10861	10861	10629	232	0	0	3	229	0	3	229	0	0	0	0
578NM_Rep_ABE8eCtrl_K562_1_1	Reference	96.87772625	3.12227375	22270	21779	21779	21099	680	0	5	26	650	5	25	649	0	0	1	0
580NM_Rep_ABE8eCtrl_K562_1_1	Reference	97.26801047	2.73198953	22270	21779	21779	21184	595	0	0	12	583	0	12	583	0	0	0	0
578NM_Rep_ABE8eCtrl_K562_1_2	Reference	97.53916824	2.46083176	24731	24382	24382	23782	600	0	1	12	587	1	12	587	0	0	0	0
580NM_Rep_ABE8eCtrl_K562_1_2	Reference	97.99032073	2.00967927	24731	24382	24382	23892	490	0	0	10	480	0	10	480	0	0	0	0
565NM_Rep_ABE8eCtrl_HEK_1_1	Reference	96.41354071	3.58645929	7081	5465	5465	5269	196	0	0	2	194	0	2	194	0	0	0	0
575NM_Rep_ABE8eCtrl_HEK_1_1	Reference	97.82250686	2.17749314	7081	5465	5465	5346	119	0	0	0	119	0	0	119	0	0	0	0
576NM_Rep_ABE8eCtrl_HEK_1_1	Reference	96.81610247	3.18389753	7081	5465	5465	5291	174	0	2	11	164	1	9	161	0	1	2	0
565NM_Rep_ABE8eCtrl_HEK_1_2	Reference	94.96092697	5.03907303	6137	3711	3711	3524	187	0	0	3	184	0	3	184	0	0	0	0
575NM_Rep_ABE8eCtrl_HEK_1_2	Reference	97.790353	2.209647	6137	3711	3711	3629	82	0	0	0	82	0	0	82	0	0	0	0
576NM_Rep_ABE8eCtrl_HEK_1_2	Reference	96.63163568	3.36836432	6137	3711	3711	3586	125	0	0	3	122	0	3	122	0	0	0	0
565NM_Rep_ABE8eCtrl_K562_1_1	Reference	96.60846512	3.39153488	16405	10939	10939	10568	371	0	0	3	368	0	3	368	0	0	0	0
575NM_Rep_ABE8eCtrl_K562_1_1	Reference	97.55005028	2.44994972	16405	10939	10939	10671	268	0	0	7	261	0	7	261	0	0	0	0
576NM_Rep_ABE8eCtrl_K562_1_1	Reference	96.49876588	3.50123412	16405	10939	10939	10556	383	0	0	20	366	0	17	363	0	0	3	0
565NM_Rep_ABE8eCtrl_K562_1_2	Reference	95.65175002	4.34824998	15059	10257	10257	9811	446	0	0	2	445	0	1	444	0	0	1	0
575NM_Rep_ABE8eCtrl_K562_1_2	Reference	97.59188847	2.40811153	15059	10257	10257	10010	247	0	0	2	245	0	2	245	0	0	0	0
576NM_Rep_ABE8eCtrl_K562_1_2	Reference	96.99717266	3.00282734	15059	10257	10257	9949	308	0	1	11	296	1	11	296	0	0	0	0
571NM_Rep_ABE8eCtrl_HEK_1_1	Reference	96.18111137	3.81888863	8792	8746	8746	8412	334	0	0	1	333	0	1	333	0	0	0	0
572NM_Rep_ABE8eCtrl_HEK_1_1	Reference	97.63320375	2.36679625	8792	8746	8746	8539	207	0	1	0	206	1	0	206	0	0	0	0
579NM_Rep_ABE8eCtrl_HEK_1_1	Reference	96.55842671	3.44157329	8792	8746	8746	8445	301	0	0	4	297	0	4	297	0	0	0	0
571NM_Rep_ABE8eCtrl_HEK_1_2	Reference	94.14179694	5.85820306	6387	6333	6333	5962	371	0	0	2	370	0	1	369	0	0	1	0
572NM_Rep_ABE8eCtrl_HEK_1_2	Reference	98.0104216	1.9895784	6387	6333	6333	6207	126	0	0	0	126	0	0	126	0	0	0	0
579NM_Rep_ABE8eCtrl_HEK_1_2	Reference	97.39459972	2.60540028	6387	6333	6333	6168	165	0	0	0	165	0	0	165	0	0	0	0
571NM_Rep_ABE8eCtrl_K562_1_1	Reference	96.15879828	3.84120172	23454	23300	23300	22405	895	0	0	8	887	0	8	887	0	0	0	0
572NM_Rep_ABE8eCtrl_K562_1_1	Reference	97.51502146	2.48497854	23454	23300	23300	22721	579	0	0	3	576	0	3	576	0	0	0	0
579NM_Rep_ABE8eCtrl_K562_1_1	Reference	96.61802575	3.38197425	23454	23300	23300	22512	788	0	0	0	788	0	0	788	0	0	0	0
571NM_Rep_ABE8eCtrl_K562_1_2	Reference	93.82559552	6.17440448	19076	18933	18933	17764	1169	0	0	4	1165	0	4	1165	0	0	0	0
572NM_Rep_ABE8eCtrl_K562_1_2	Reference	98.16731805	1.83268195	19076	18934	18934	18587	347	0	0	1	346	0	1	346	0	0	0	0
579NM_Rep_ABE8eCtrl_K562_1_2	Reference	97.53353755	2.46646245	19076	18934	18934	18467	467	0	0	1	466	0	1	466	0	0	0	0
570NM_Rep_ABE8eCtrl_HEK_1_1	Reference	96.89515166	3.10484834	7678	4187	4187	4057	130	0	0	0	130	0	0	130	0	0	0	0
573NM_Rep_ABE8eCtrl_HEK_1_1	Reference	96.75185097	3.24814903	7678	4187	4187	4051	136	0	0	2	134	0	2	134	0	0	0	0
577NM_Rep_ABE8eCtrl_HEK_1_1	Reference	96.58466683	3.41533317	7678	4187	4187	4044	143	0	0	0	143	0	0	143	0	0	0	0
570NM_Rep_ABE8eCtrl_HEK_1_2	Reference	95.77932868	4.22067132	7192	3009	3009	2882	127	0	0	0	127	0	0	127	0	0	0	0
573NM_Rep_ABE8eCtrl_HEK_1_2	Reference	97.57394483	2.42605517	7192	3009	3009	2936	73	0	0	0	73	0	0	73	0	0	0	0
577NM_Rep_ABE8eCtrl_HEK_1_2	Reference	96.70987039	3.29012961	7192	3009	3009	2910	99	0	0	1	98	0	1	98	0	0	0	0
570NM_Rep_ABE8eCtrl_K562_1_1	Reference	96.9275084	3.0724916	5946	4166	4166	4038	128	0	0	1	127	0	1	127	0	0	0	0
573NM_Rep_ABE8eCtrl_K562_1_1	Reference	96.71147384	3.28852616	5946	4166	4166	4029	137	0	0	2	135	0	2	135	0	0	0	0
577NM_Rep_ABE8eCtrl_K562_1_1	Reference	96.35141623	3.64858377	5946	4166	4166	4014	152	0	0	1	151	0	1	151	0	0	0	0
570NM_Rep_ABE8eCtrl_K562_1_2	Reference	96.60726525	3.39273475	5530	2918	2918	2819	99	0	0	0	99	0	0	99	0	0	0	0
573NM_Rep_ABE8eCtrl_K562_1_2	Reference	97.90952707	2.09047293	5530	2918	2918	2857	61	0	0	0	61	0	0	61	0	0	0	0
577NM_Rep_ABE8eCtrl_K562_1_2	Reference	97.36120631	2.63879369	5530	2918	2918	2841	77	0	0	1	77	0	0	76	0	0	1	0
564NM_Rep_ABE8eCtrl_HEK_1_1	Reference	96.71966527	3.28033473	12154	11950	11950	11558	392	0	0	0	392	0	0	392	0	0	0	0
574NM_Rep_ABE8eCtrl_HEK_1_1	Reference	97.19665272	2.80334728	12154	11950	11950	11615	335	0	0	7	328	0	7	328	0	0	0	0
581NM_Rep_ABE8eCtrl_HEK_1_1	Reference	95.69874477	4.30125523	12154	11950	11950	11436	514	0	0	4	510	0	4	510	0	0	0	0
564NM_Rep_ABE8eCtrl_HEK_1_2	Reference	96.06047132	3.93952868	11457	11245	11245	10802	443	0	0	1	442	0	1	442	0	0	0	0
574NM_Rep_ABE8eCtrl_HEK_1_2	Reference	97.59004002	2.40995998	11457	11245	11245	10974	271	0	0	4	267	0	4	267	0	0	0	0
581NM_Rep_ABE8eCtrl_HEK_1_2	Reference	96.55847043	3.44152957	11457	11245	11245	10858	387	0	0	0	387	0	0	387	0	0	0	0
564NM_Rep_ABE8eCtrl_K562_1_1	Reference	96.84998709	3.15001291	11699	11619	11619	11253	366	0	0	5	361	0	5	361	0	0	0	0
574NM_Rep_ABE8eCtrl_K562_1_1	Reference	97.54712109	2.45287891	11699	11619	11619	11334	285	0	0	1	284	0	1	284	0	0	0	0
581NM_Rep_ABE8eCtrl_K562_1_1	Reference	96.51432998	3.48567002	11699	11619	11619	11214	405	0	0	0	405	0	0	405	0	0	0	0
564NM_Rep_ABE8eCtrl_K562_1_2	Reference	96.56722966	3.43277034	9271	9118	9118	8805	313	0	0	2	311	0	2	311	0	0	0	0
574NM_Rep_ABE8eCtrl_K562_1_2	Reference	97.71879798	2.28120202	9271	9118	9118	8910	208	0	0	3	205	0	3	205	0	0	0	0
581NM_Rep_ABE8eCtrl_K562_1_2	Reference	96.70980478	3.29019522	9271	9118	9118	8818	300	0	0	1	299	0	1	299	0	0	0	0
563NM_End_ABE8eCtrl_HEK_1_1	Reference	96.68693009	3.31306991	10207	9870	9870	9543	327	0	0	6	322	0	5	321	0	0	1	0
563NM_End_ABE8eCtrl_HEK_1_2	Reference	96.85837345	3.14162655	8257	7894	7894	7646	248	0	0	2	246	0	2	246	0	0	0	0
563NM_End_ABE8eCtrl_K562_1_1	Reference	97.56367663	2.43632337	4900	4515	4515	4405	110	0	0	2	108	0	2	108	0	0	0	0
563NM_End_ABE8eCtrl_K562_1_2	Reference	97.75652814	2.24347186	2920	2719	2719	2658	61	0	0	0	61	0	0	61	0	0	0	0
564NM_End_ABE8eCtrl_HEK_1_1	Reference	96.48432983	3.51567017	17665	17294	17294	16686	608	0	0	1	607	0	1	607	0	0	0	0
564NM_End_ABE8eCtrl_HEK_1_2	Reference	96.53427967	3.46572033	13955	13244	13244	12785	459	0	25	3	432	25	2	431	0	0	1	0
564NM_End_ABE8eCtrl_K562_1_1	Reference	33.57657225	66.42342775	10847	10415	10415	3497	6918	0	0	3	6916	0	2	6915	0	0	1	0
564NM_End_ABE8eCtrl_K562_1_2	Reference	32.75637446	67.24362554	5634	5373	5373	1760	3613	0	5	8	3602	5	6	3600	0	0	2	0
565NM_End_ABE8eCtrl_HEK_1_1	Reference	97.70687088	2.29312912	23602	23505	23505	22966	539	0	0	2	537	0	2	537	0	0	0	0
565NM_End_ABE8eCtrl_HEK_1_2	Reference	96.49243466	3.50756534	20447	20356	20356	19642	714	0	0	5	709	0	5	709	0	0	0	0
565NM_End_ABE8eCtrl_K562_1_1	Reference	97.1086262	2.8913738	12565	12520	12520	12158	362	0	0	0	362	0	0	362	0	0	0	0
565NM_End_ABE8eCtrl_K562_1_2	Reference	97.02111126	2.97888874	7783	7721	7721	7491	230	0	0	2	228	0	2	228	0	0	0	0
566NM_End_ABE8eCtrl_HEK_1_1	Reference	96.57362085	3.42637915	7737	7559	7559	7300	259	0	1	25	235	1	23	233	0	0	2	0
566NM_End_ABE8eCtrl_HEK_1_2	Reference	97.15611134	2.84388866	5176	4958	4958	4817	141	0	1	13	127	1	13	127	0	0	0	0
566NM_End_ABE8eCtrl_K562_1_1	Reference	97.20670391	2.79329609	8761	8413	8413	8178	235	0	0	17	218	0	17	218	0	0	0	0
566NM_End_ABE8eCtrl_K562_1_2	Reference	96.64948454	3.35051546	4428	4268	4268	4125	143	0	3	15	126	3	14	125	0	0	1	0
567NM_End_ABE8eCtrl_HEK_1_1	Reference	0.28210639	99.71789361	7613	7444	7444	21	7423	0	0	1	7423	0	0	7422	0	0	1	0
567NM_End_ABE8eCtrl_HEK_1_2	Reference	0.15531396	99.84468604	4582	4507	4507	7	4500	0	0	1	4500	0	0	4499	0	0	1	0
567NM_End_ABE8eCtrl_K562_1_1	Reference	0.24268744	99.75731256	7993	7829	7829	19	7810	0	0	2	7810	0	0	7808	0	0	2	0
567NM_End_ABE8eCtrl_K562_1_2	Reference	0.13805798	99.86194202	4425	4346	4346	6	4340	0	0	2	4340	0	0	4338	0	0	2	0
568NM_End_ABE8eCtrl_HEK_1_1	Reference	91.84358882	8.15641118	8375	8337	8337	7657	680	0	1	7	674	1	5	672	0	0	2	0
568NM_End_ABE8eCtrl_HEK_1_2	Reference	92.91011033	7.08988967	5549	5529	5529	5137	392	0	0	3	389	0	3	389	0	0	0	0
568NM_End_ABE8eCtrl_K562_1_1	Reference	92.37504156	7.62495844	9055	9023	9023	8335	688	0	0	3	685	0	3	685	0	0	0	0
568NM_End_ABE8eCtrl_K562_1_2	Reference	93.26290267	6.73709733	5796	5774	5774	5385	389	0	0	2	387	0	2	387	0	0	0	0
569NM_End_ABE8eCtrl_HEK_1_1	Reference	97.24791338	2.75208662	8888	8866	8866	8622	244	0	0	2	242	0	2	242	0	0	0	0
569NM_End_ABE8eCtrl_HEK_1_2	Reference	96.82496236	3.17503764	7332	7307	7307	7075	232	0	0	3	229	0	3	229	0	0	0	0
569NM_End_ABE8eCtrl_K562_1_1	Reference	97.68614654	2.31385346	10128	10113	10113	9879	234	0	0	2	232	0	2	232	0	0	0	0
569NM_End_ABE8eCtrl_K562_1_2	Reference	97.61644169	2.38355831	8252	8223	8223	8027	196	0	0	3	193	0	3	193	0	0	0	0
570NM_End_ABE8eCtrl_HEK_1_1	Reference	96.52327637	3.47672363	12653	11879	11879	11466	413	0	0	0	413	0	0	413	0	0	0	0
570NM_End_ABE8eCtrl_HEK_1_2	Reference	96.40738299	3.59261701	10221	9102	9102	8775	327	0	0	0	327	0	0	327	0	0	0	0
570NM_End_ABE8eCtrl_K562_1_1	Reference	96.83685523	3.16314477	8114	7619	7619	7378	241	0	0	1	240	0	1	240	0	0	0	0
570NM_End_ABE8eCtrl_K562_1_2	Reference	96.84017492	3.15982508	7448	7089	7089	6865	224	0	0	0	224	0	0	224	0	0	0	0
571NM_End_ABE8eCtrl_HEK_1_1	Reference	96.97747926	3.02252074	5133	5062	5062	4909	153	0	0	1	152	0	1	152	0	0	0	0
571NM_End_ABE8eCtrl_HEK_1_2	Reference	98.01773605	1.98226395	5805	5751	5751	5637	114	0	0	1	113	0	1	113	0	0	0	0
571NM_End_ABE8eCtrl_K562_1_1	Reference	95.84052468	4.15947532	6576	5794	5794	5553	241	0	0	1	240	0	1	240	0	0	0	0
571NM_End_ABE8eCtrl_K562_1_2	Reference	97.27599558	2.72400442	14389	7232	7232	7035	197	0	1	4	193	0	4	192	0	1	0	0
572NM_End_ABE8eCtrl_HEK_1_1	Reference	96.62487946	3.37512054	7283	7259	7259	7014	245	0	0	2	244	0	1	243	0	0	1	0
572NM_End_ABE8eCtrl_HEK_1_2	Reference	98.33303619	1.66696381	11303	11218	11218	11031	187	0	0	2	185	0	2	185	0	0	0	0
572NM_End_ABE8eCtrl_K562_1_1	Reference	97.00475879	2.99524121	10935	10717	10717	10396	321	0	0	3	318	0	3	318	0	0	0	0
572NM_End_ABE8eCtrl_K562_1_2	Reference	98.0226206	1.9773794	13060	12997	12997	12740	257	0	0	3	254	0	3	254	0	0	0	0
573NM_End_ABE8eCtrl_HEK_1_1	Reference	96.6067389	3.3932611	16927	16798	16798	16228	570	0	0	2	568	0	2	568	0	0	0	0
573NM_End_ABE8eCtrl_HEK_1_2	Reference	96.82490561	3.17509439	16309	16157	16157	15644	513	0	0	4	509	0	4	509	0	0	0	0
573NM_End_ABE8eCtrl_K562_1_1	Reference	96.08067188	3.91932812	17546	17503	17503	16817	686	0	0	2	684	0	2	684	0	0	0	0
573NM_End_ABE8eCtrl_K562_1_2	Reference	96.38276678	3.61723322	16106	16062	16062	15481	581	0	0	4	577	0	4	577	0	0	0	0
574NM_End_ABE8eCtrl_HEK_1_1	Reference	96.95531831	3.04468169	12721	12645	12645	12260	385	0	0	8	377	0	8	377	0	0	0	0
574NM_End_ABE8eCtrl_HEK_1_2	Reference	97.37194682	2.62805318	9768	9703	9703	9448	255	0	0	5	250	0	5	250	0	0	0	0
574NM_End_ABE8eCtrl_K562_1_1	Reference	96.26244613	3.73755387	13515	13458	13458	12955	503	0	0	5	499	0	4	498	0	0	1	0
574NM_End_ABE8eCtrl_K562_1_2	Reference	96.96129957	3.03870043	10528	10465	10465	10147	318	0	0	5	313	0	5	313	0	0	0	0
575NM_End_ABE8eCtrl_HEK_1_1	Reference	97.73963609	2.26036391	10735	10662	10662	10421	241	0	0	2	239	0	2	239	0	0	0	0
575NM_End_ABE8eCtrl_HEK_1_2	Reference	97.60522496	2.39477504	6940	6890	6890	6725	165	0	0	0	165	0	0	165	0	0	0	0
575NM_End_ABE8eCtrl_K562_1_1	Reference	98.07811531	1.92188469	1628	1613	1613	1582	31	0	0	0	31	0	0	31	0	0	0	0
575NM_End_ABE8eCtrl_K562_1_2	Reference	97.90781978	2.09218022	9718	9655	9655	9453	202	0	0	4	198	0	4	198	0	0	0	0
576NM_End_ABE8eCtrl_HEK_1_1	Reference	97.08632739	2.91367261	10331	10159	10159	9863	296	0	0	13	283	0	13	283	0	0	0	0
576NM_End_ABE8eCtrl_HEK_1_2	Reference	96.83580388	3.16419612	3634	3508	3508	3397	111	0	0	11	100	0	11	100	0	0	0	0
576NM_End_ABE8eCtrl_K562_1_1	Reference	97.00009646	2.99990354	11911	10367	10367	10056	311	0	0	19	292	0	19	292	0	0	0	0
576NM_End_ABE8eCtrl_K562_1_2	Reference	98.00754617	1.99245383	15355	15107	15107	14806	301	0	0	13	288	0	13	288	0	0	0	0
577NM_End_ABE8eCtrl_HEK_1_1	Reference	97.27251625	2.72748375	8971	8616	8616	8381	235	0	0	2	234	0	1	233	0	0	1	0
577NM_End_ABE8eCtrl_HEK_1_2	Reference	97.94653235	2.05346765	2681	2581	2581	2528	53	0	0	0	53	0	0	53	0	0	0	0
577NM_End_ABE8eCtrl_K562_1_1	Reference	97.08333333	2.91666667	3284	2880	2880	2796	84	0	0	0	84	0	0	84	0	0	0	0
577NM_End_ABE8eCtrl_K562_1_2	Reference	97.74493083	2.25506917	5369	5277	5277	5158	119	0	0	3	116	0	3	116	0	0	0	0
578NM_End_ABE8eCtrl_HEK_1_1	Reference	96.75791598	3.24208402	7960	7927	7927	7670	257	0	0	5	252	0	5	252	0	0	0	0
578NM_End_ABE8eCtrl_HEK_1_2	Reference	97.38372093	2.61627907	4500	4472	4472	4355	117	0	0	0	117	0	0	117	0	0	0	0
578NM_End_ABE8eCtrl_K562_1_1	Reference	96.58322057	3.41677943	8923	8868	8868	8565	303	0	1	8	297	0	6	294	0	1	2	0
578NM_End_ABE8eCtrl_K562_1_2	Reference	97.14939293	2.85060707	5720	5683	5683	5521	162	0	0	8	156	0	6	154	0	0	2	0
579NM_End_ABE8eCtrl_HEK_1_1	Reference	96.90721649	3.09278351	7888	7857	7857	7614	243	0	0	6	237	0	6	237	0	0	0	0
579NM_End_ABE8eCtrl_HEK_1_2	Reference	96.84248951	3.15751049	5493	5479	5479	5306	173	0	1	2	172	0	1	171	0	0	0	1
579NM_End_ABE8eCtrl_K562_1_1	Reference	96.32129348	3.67870652	13518	13483	13483	12987	496	0	0	2	494	0	2	494	0	0	0	0
579NM_End_ABE8eCtrl_K562_1_2	Reference	96.70077898	3.29922102	13126	13094	13094	12662	432	0	0	4	428	0	4	428	0	0	0	0
580NM_End_ABE8eCtrl_HEK_1_1	Reference	97.10639042	2.89360958	11503	11439	11439	11108	331	0	0	8	324	0	7	323	0	0	1	0
580NM_End_ABE8eCtrl_HEK_1_2	Reference	97.25667042	2.74332958	10832	10644	10644	10352	292	0	1	1	290	1	1	290	0	0	0	0
580NM_End_ABE8eCtrl_K562_1_1	Reference	96.99372316	3.00627684	12288	12108	12108	11744	364	0	0	9	355	0	9	355	0	0	0	0
580NM_End_ABE8eCtrl_K562_1_2	Reference	97.46340716	2.53659284	13219	13049	13049	12718	331	0	0	4	328	0	3	327	0	0	1	0
581NM_End_ABE8eCtrl_HEK_1_1	Reference	95.59803922	4.40196078	10323	10200	10200	9751	449	0	6	1	449	0	0	443	0	5	0	1
581NM_End_ABE8eCtrl_HEK_1_2	Reference	95.90865842	4.09134158	10662	10510	10510	10080	430	0	2	3	429	0	1	425	0	2	2	0
581NM_End_ABE8eCtrl_K562_1_1	Reference	95.9228703	4.0771297	10478	10424	10424	9999	425	0	1	3	424	0	1	422	0	0	1	1
581NM_End_ABE8eCtrl_K562_1_2	Reference	95.66839129	4.33160871	8452	8311	8311	7951	360	0	0	3	360	0	0	357	0	0	3	0
582NM_End_ABE8eCtrl_HEK_1_1	Reference	96.345097	3.654903	15287	15103	15103	14551	552	0	0	3	549	0	3	549	0	0	0	0
582NM_End_ABE8eCtrl_HEK_1_2	Reference	96.9273743	3.0726257	12769	12530	12530	12145	385	0	0	5	380	0	5	380	0	0	0	0
582NM_End_ABE8eCtrl_K562_1_1	Reference	0.15333147	99.84666853	14475	14348	14348	22	14326	0	0	4	14326	0	0	14322	0	0	4	0
582NM_End_ABE8eCtrl_K562_1_2	Reference	0.12403101	99.87596899	13134	12900	12900	16	12884	0	0	4	12884	0	0	12880	0	0	4	0
